0.000000 980
1.065557 979
2.106164 978
2.499156 977
3.225564 976
3.616615 975
3.683394 974
3.866274 973
4.146259 972
4.642047 971
7.526042 970
7.779972 969
8.392451 968
8.689634 967
9.349128 966
9.728007 965
9.783843 964
10.182432 963
13.012144 962
13.741753 961
15.067937 960
17.321929 959
17.491582 958
19.006227 957
19.352043 956
22.542950 955
23.169012 954
25.643109 953
26.210459 952
28.955154 951
28.963613 950
29.045338 949
29.808431 948
29.822387 947
29.867847 946
30.264832 945
32.533982 944
33.185461 943
34.588860 942
35.468455 941
36.562300 940
36.849309 939
39.253309 938
40.868114 937
42.717481 936
42.787058 935
43.289219 934
44.662612 933
45.152419 932
45.529975 931
46.238009 930
47.406892 929
47.410425 928
48.416595 927
52.005327 926
52.614099 925
54.454233 924
54.780394 923
55.397958 922
56.196586 921
58.218270 920
59.109640 919
59.655438 918
60.124248 917
61.093518 916
61.154491 915
65.914282 914
66.660318 913
68.186878 912
69.888307 911
69.949778 910
69.986869 909
70.662452 908
73.539614 907
74.739859 906
74.914576 905
75.186484 904
76.517615 903
76.851735 902
77.155398 901
78.878874 900
79.033484 899
81.280432 898
82.322830 897
83.866273 896
89.261782 895
89.463501 894
90.278423 893
91.678265 892
93.559409 891
93.761371 890
94.648020 889
95.388644 888
95.421398 887
99.327446 886
100.229694 885
102.464978 884
103.699336 883
104.694571 882
105.626376 881
106.408554 880
106.682887 879
107.640804 878
107.853594 877
108.191444 876
108.296091 875
109.907769 874
110.000743 873
111.659456 872
111.731097 871
112.608853 870
112.770877 869
114.361318 868
115.781059 867
117.311404 866
118.162523 865
119.129736 864
119.952985 863
120.144399 862
124.892170 861
126.676821 860
127.173882 859
128.221827 858
128.676567 857
130.354043 856
130.746161 855
132.094434 854
133.980212 853
134.287227 852
134.517169 851
134.628570 850
138.261537 849
138.540668 848
139.568442 847
140.662469 846
141.201494 845
143.116601 844
143.952185 843
144.337527 842
145.070071 841
145.377336 840
148.369131 839
153.084764 838
153.700087 837
153.718556 836
154.200396 835
154.323713 834
154.412457 833
155.288200 832
156.033846 831
156.151676 830
157.059859 829
157.909275 828
158.623117 827
163.145602 826
163.435647 825
164.403483 824
165.065750 823
165.450713 822
166.024258 821
167.569047 820
167.621160 819
167.813483 818
167.853702 817
168.467416 816
169.113271 815
170.730225 814
170.766172 813
171.256557 812
172.550913 811
174.032417 810
176.730142 809
176.874446 808
178.730630 807
179.816947 806
183.945320 805
184.393837 804
185.210039 803
185.766214 802
189.638573 801
189.660881 800
190.021924 799
190.223297 798
190.235965 797
192.550157 796
193.019080 795
193.535741 794
195.258524 793
196.345967 792
198.578166 791
205.246548 790
205.872155 789
206.516081 788
209.402482 787
211.043820 786
211.700812 785
213.447148 784
213.747841 783
213.792091 782
218.049119 781
220.489989 780
221.030426 779
221.990789 778
227.897345 777
228.833199 776
231.132789 775
231.156555 774
235.469530 773
238.520310 772
238.533482 771
238.549845 770
239.479386 769
240.272772 768
240.448347 767
243.329506 766
247.574965 765
247.890876 764
248.731402 763
248.897760 762
249.223380 761
250.639434 760
251.234770 759
251.329779 758
252.375340 757
255.749490 756
257.161620 755
258.045828 754
258.179962 753
259.044038 752
259.818068 751
262.518376 750
264.491311 749
264.702808 748
270.090052 747
271.025533 746
271.174846 745
271.195258 744
272.364344 743
273.442123 742
275.897320 741
277.104691 740
278.487616 739
279.084678 738
283.936333 737
288.620682 736
289.887657 735
291.143718 734
292.835132 733
293.982119 732
294.541061 731
294.805256 730
296.270647 729
296.344328 728
302.230277 727
302.391010 726
308.218319 725
311.077318 724
312.552822 723
314.972862 722
315.724220 721
316.904834 720
319.925999 719
322.006459 718
326.979368 717
331.379569 716
331.503562 715
333.681451 714
334.299077 713
334.829461 712
339.310204 711
340.389090 710
341.423495 709
347.427673 708
347.925171 707
348.562677 706
349.443273 705
350.075868 704
350.198033 703
351.178895 702
352.599419 701
353.649817 700
354.997123 699
355.839161 698
356.537197 697
358.012031 696
361.977725 695
362.417088 694
362.895014 693
364.457180 692
365.822921 691
371.274154 690
371.531542 689
371.674441 688
372.978412 687
373.463830 686
373.875588 685
375.103308 684
375.184876 683
375.260769 682
375.551520 681
376.437441 680
377.260491 679
381.042675 678
382.211922 677
384.067372 676
386.431337 675
387.835359 674
390.918823 673
392.328382 672
393.823501 671
393.967029 670
394.002178 669
394.943783 668
395.777464 667
397.688675 666
397.704323 665
398.756021 664
399.491013 663
403.527895 662
404.938039 661
405.430645 660
406.329841 659
406.716827 658
409.854846 657
417.902948 656
419.115608 655
420.452274 654
421.325887 653
428.758045 652
429.245651 651
430.751294 650
431.190569 649
431.503389 648
431.614500 647
432.621223 646
434.671906 645
435.858792 644
436.306828 643
437.366414 642
438.815249 641
441.022445 640
445.095507 639
447.372189 638
449.110928 637
449.186924 636
449.718166 635
450.856289 634
451.258136 633
452.868346 632
452.977142 631
453.343533 630
455.102199 629
458.682194 628
459.821915 627
460.909693 626
462.277555 625
463.904912 624
465.689456 623
467.751439 622
470.565762 621
471.237208 620
471.646963 619
472.915834 618
475.033781 617
476.518612 616
477.179920 615
478.303790 614
478.510271 613
478.802532 612
480.385800 611
481.504450 610
485.280278 609
485.382174 608
485.508377 607
485.878493 606
486.748731 605
487.563636 604
488.545724 603
490.696302 602
492.487043 601
493.477592 600
495.049628 599
495.953820 598
496.777160 597
497.510683 596
501.381900 595
501.881284 594
502.471631 593
502.686120 592
502.805525 591
506.500516 590
510.346096 589
512.069296 588
512.292211 587
512.509582 586
512.676620 585
514.585376 584
515.077134 583
515.299006 582
516.393683 581
520.808518 580
520.944747 579
523.754158 578
523.785031 577
524.687290 576
524.962710 575
525.547297 574
525.613773 573
526.435515 572
528.095119 571
528.516670 570
528.900011 569
529.205992 568
533.968039 567
536.075710 566
537.755294 565
539.891965 564
540.758558 563
541.213115 562
541.978206 561
543.203570 560
543.682162 559
545.851556 558
547.160460 557
547.303868 556
547.821168 555
552.492370 554
554.851003 553
555.277351 552
555.934063 551
557.597184 550
559.682119 549
564.358213 548
567.117230 547
570.817003 546
571.462467 545
575.312302 544
577.825737 543
583.673479 542
585.490198 541
587.819095 540
589.904224 539
590.440325 538
590.706658 537
592.322642 536
594.858513 535
595.841475 534
597.143638 533
597.518154 532
597.600386 531
599.836001 530
600.218771 529
600.323705 528
600.962061 527
601.934435 526
603.949747 525
610.646700 524
611.028831 523
615.818225 522
616.341713 521
619.551419 520
622.255568 519
622.270840 518
624.441022 517
624.995867 516
625.646902 515
628.915616 514
631.749548 513
632.248366 512
632.717394 511
633.926042 510
636.026965 509
637.332655 508
637.623677 507
637.648445 506
638.237377 505
640.116731 504
642.530135 503
643.451605 502
644.472428 501
644.893966 500
645.122474 499
647.976500 498
648.660411 497
648.856792 496
650.827523 495
652.099216 494
655.801073 493
655.941662 492
655.961401 491
660.170428 490
661.039658 489
661.513676 488
661.725804 487
663.671914 486
664.795298 485
665.276359 484
666.524177 483
669.885331 482
670.238830 481
670.759695 480
671.702668 479
674.888875 478
675.444259 477
678.043503 476
678.793742 475
679.115624 474
682.623566 473
684.438919 472
684.445991 471
689.399951 470
691.346129 469
691.365554 468
696.434221 467
699.056771 466
701.547700 465
701.878673 464
707.207019 463
708.371120 462
709.332861 461
713.227763 460
714.174962 459
715.589172 458
716.169027 457
716.380434 456
717.130664 455
722.820624 454
722.904952 453
725.185601 452
725.589227 451
726.125261 450
727.532369 449
729.528109 448
731.287547 447
732.548679 446
733.062765 445
737.762472 444
741.601788 443
743.176070 442
745.732980 441
747.666809 440
750.497755 439
755.948704 438
756.075998 437
756.602645 436
757.515231 435
759.280202 434
760.928944 433
763.040834 432
763.301548 431
768.818821 430
769.139992 429
770.012348 428
770.047896 427
770.456481 426
770.970782 425
771.675046 424
772.639692 423
772.716855 422
773.770922 421
774.776609 420
777.405523 419
777.618148 418
778.790171 417
779.112032 416
779.828429 415
780.936904 414
781.312477 413
781.453074 412
786.030140 411
788.676523 410
789.798359 409
795.305363 408
797.194887 407
800.869368 406
801.100753 405
802.412171 404
805.718953 403
806.620312 402
809.437064 401
810.297036 400
811.104078 399
813.989250 398
814.369030 397
815.288790 396
816.091750 395
818.847795 394
818.937074 393
819.971932 392
823.546495 391
823.691660 390
825.466615 389
838.679760 388
838.692428 387
841.722464 386
842.606947 385
846.475722 384
850.319027 383
851.461591 382
854.606745 381
858.334594 380
861.101569 379
865.498546 378
878.024083 377
879.268454 376
879.838011 375
885.438814 374
887.240603 373
889.750446 372
889.796087 371
895.749194 370
896.143257 369
897.956750 368
899.217407 367
900.241551 366
900.821638 365
904.360149 364
907.821086 363
907.997917 362
909.459702 361
915.780284 360
920.320032 359
924.095647 358
924.416177 357
924.732410 356
927.938247 355
929.470357 354
940.605576 353
951.291297 352
951.372279 351
953.635873 350
959.231629 349
963.713565 348
963.870145 347
967.264451 346
972.967593 345
974.387900 344
975.420767 343
979.239495 342
985.797530 341
986.168678 340
989.646422 339
991.537336 338
993.486957 337
994.518974 336
995.533111 335
996.478586 334
998.751774 333
998.952874 332
999.632067 331
1004.778688 330
1008.689282 329
1016.026383 328
1017.053023 327
1024.781787 326
1027.184122 325
1027.848905 324
1027.943587 323
1031.339813 322
1032.160771 321
1034.050030 320
1039.514165 319
1039.872466 318
1039.938246 317
1046.964498 316
1050.479324 315
1061.315861 314
1064.666434 313
1065.585396 312
1065.843847 311
1070.261346 310
1076.612827 309
1080.998196 308
1090.543359 307
1090.728775 306
1091.753720 305
1096.501063 304
1097.919165 303
1098.265875 302
1104.508134 301
1104.786662 300
1111.705733 299
1113.762828 298
1114.168825 297
1115.378222 296
1118.477131 295
1121.686469 294
1125.928904 293
1126.270893 292
1133.941276 291
1135.489879 290
1136.488304 289
1136.490307 288
1142.286662 287
1147.543548 286
1152.882566 285
1153.969543 284
1156.194389 283
1156.430733 282
1156.827785 281
1163.536980 280
1165.589755 279
1167.449977 278
1171.318420 277
1173.424440 276
1179.469772 275
1182.076210 274
1183.691590 273
1184.835874 272
1188.844020 271
1194.213655 270
1194.542234 269
1198.305833 268
1199.654939 267
1201.741972 266
1207.133812 265
1213.964653 264
1215.778291 263
1218.357457 262
1218.458709 261
1219.357587 260
1219.967060 259
1221.096063 258
1224.842890 257
1226.723727 256
1234.452196 255
1242.390565 254
1248.838634 253
1249.720627 252
1258.529326 251
1259.293566 250
1262.596792 249
1273.527414 248
1274.977875 247
1279.634813 246
1280.347839 245
1281.812332 244
1295.266594 243
1303.257381 242
1305.702569 241
1306.523876 240
1314.528660 239
1315.236554 238
1316.193714 237
1317.403244 236
1318.117484 235
1330.622126 234
1332.821230 233
1333.801485 232
1334.000543 231
1338.519185 230
1339.938271 229
1341.891883 228
1348.436912 227
1358.666325 226
1370.419179 225
1373.176568 224
1378.028017 223
1378.244036 222
1380.329960 221
1380.854000 220
1387.540943 219
1391.063895 218
1391.072144 217
1394.217933 216
1396.616110 215
1396.722462 214
1397.540987 213
1398.839503 212
1402.899624 211
1403.112707 210
1409.447108 209
1412.227702 208
1421.522768 207
1433.102136 206
1439.466903 205
1444.727782 204
1454.285636 203
1458.197514 202
1464.089585 201
1464.216485 200
1480.621386 199
1481.737926 198
1483.778922 197
1495.803197 196
1500.927321 195
1501.939763 194
1505.211388 193
1512.170081 192
1513.282796 191
1521.273491 190
1526.536785 189
1526.960520 188
1531.267140 187
1538.029922 186
1564.040183 185
1564.777618 184
1565.047358 183
1568.088883 182
1568.610973 181
1574.527850 180
1591.560385 179
1600.104100 178
1622.356433 177
1622.847554 176
1625.845208 175
1636.033866 174
1636.391031 173
1639.782427 172
1641.685704 171
1655.692979 170
1657.067820 169
1658.053478 168
1672.595703 167
1675.226196 166
1684.004327 165
1708.080775 164
1716.656081 163
1720.492456 162
1722.792703 161
1731.526016 160
1731.922092 159
1747.256060 158
1754.285385 157
1761.643080 156
1767.538447 155
1797.556922 154
1807.594334 153
1817.731207 152
1836.175694 151
1852.782914 150
1857.935174 149
1858.177177 148
1865.918445 147
1867.628727 146
1886.082555 145
1888.949513 144
1896.748970 143
1897.890252 142
1905.910210 141
1922.446940 140
1924.663711 139
1943.932183 138
1946.861560 137
1956.523903 136
1962.566687 135
1968.414567 134
1981.428997 133
1985.814485 132
1999.648562 131
2003.654578 130
2005.033868 129
2020.653730 128
2024.494805 127
2032.629138 126
2038.162377 125
2044.368942 124
2047.381958 123
2051.749814 122
2055.868615 121
2059.033558 120
2060.389332 119
2079.240696 118
2094.971864 117
2101.054905 116
2117.992658 115
2123.506053 114
2138.951961 113
2140.483516 112
2144.925187 111
2157.696786 110
2162.312113 109
2168.416958 108
2192.169364 107
2197.023439 106
2203.338295 105
2217.242841 104
2233.419245 103
2236.534869 102
2236.845171 101
2245.465774 100
2258.033468 99
2280.775671 98
2284.426467 97
2286.407058 96
2298.303894 95
2300.990199 94
2313.866298 93
2319.173761 92
2319.696481 91
2324.586221 90
2326.687659 89
2338.481900 88
2339.389421 87
2342.536648 86
2345.608686 85
2376.950023 84
2395.556629 83
2398.165267 82
2406.623262 81
2408.451731 80
2435.775195 79
2438.729474 78
2443.608207 77
2466.961160 76
2468.061095 75
2471.620793 74
2509.859663 73
2510.317089 72
2514.107521 71
2578.911309 70
2596.497680 69
2661.829760 68
2686.112171 67
2690.366246 66
2723.348561 65
2727.544790 64
2730.349890 63
2743.001498 62
2754.584071 61
2766.365973 60
2774.597139 59
2798.643295 58
2799.199920 57
2799.671929 56
2811.074475 55
2824.544473 54
2837.668842 53
2890.920166 52
2972.086783 51
2988.511969 50
3035.440197 49
3050.475715 48
3054.375650 47
3089.063979 46
3100.322968 45
3116.258195 44
3138.730199 43
3173.070473 42
3191.186106 41
3201.180212 40
3222.781984 39
3298.324871 38
3353.215060 37
3442.409515 36
3458.202095 35
3460.661484 34
3550.460411 33
3570.935957 32
3590.486057 31
3617.635133 30
3632.141115 29
3651.664841 28
3666.116319 27
3672.580066 26
3690.007864 25
3739.285625 24
3809.244581 23
3829.582996 22
3857.458736 21
3878.652961 20
3922.084100 19
3948.771327 18
3978.335823 17
3984.375133 16
4045.306426 15
4154.803341 14
4268.026649 13
4443.255541 12
4463.246216 11
4471.175264 10
4657.690255 9
4669.489792 8
4791.216396 7
4821.476004 6
5008.962744 5
5493.340335 4
6392.630851 3
6854.493933 2
7578.763478 1
8482.811584 0
