0.000000 980
0.103061 979
0.555842 978
1.294230 977
1.829292 976
2.161052 975
3.204895 974
3.730912 973
6.458679 972
8.172707 971
9.169641 970
9.485450 969
10.289610 968
14.072474 967
14.242955 966
14.300326 965
14.800160 964
16.001812 963
16.237747 962
16.793546 961
17.305751 960
17.931147 959
19.496923 958
19.817075 957
21.021760 956
21.883783 955
22.948785 954
23.699871 953
24.023613 952
24.326691 951
24.477550 950
25.926579 949
28.149913 948
28.254612 947
28.998944 946
30.571448 945
30.784641 944
31.392908 943
31.695485 942
33.981282 941
35.895791 940
36.374940 939
37.301947 938
38.322516 937
39.011206 936
39.995402 935
42.383255 934
43.208745 933
43.636019 932
45.378447 931
46.083771 930
46.810249 929
51.488014 928
54.305753 927
54.475703 926
57.180439 925
58.110718 924
58.991722 923
59.338360 922
60.806664 921
60.944804 920
62.267994 919
63.158407 918
63.273721 917
63.357019 916
63.381799 915
63.414652 914
63.653475 913
63.670256 912
66.120156 911
67.235795 910
71.118966 909
72.632734 908
73.591540 907
73.966591 906
74.187113 905
74.550277 904
74.749537 903
76.363290 902
79.347089 901
79.666371 900
79.901177 899
84.583605 898
85.031774 897
85.033932 896
85.852721 895
86.460193 894
86.608759 893
88.352203 892
88.892701 891
88.972990 890
91.221599 889
91.703424 888
92.223133 887
92.689518 886
94.817820 885
95.247502 884
96.023935 883
97.910598 882
99.268834 881
100.361513 880
100.843716 879
101.312528 878
102.542587 877
103.162819 876
104.119097 875
104.343313 874
104.653386 873
106.497281 872
107.438772 871
108.088577 870
108.196345 869
108.197038 868
110.557866 867
111.127674 866
111.142135 865
111.770461 864
111.803280 863
113.944789 862
114.624125 861
114.714783 860
116.238443 859
116.274158 858
117.670402 857
117.677409 856
118.134535 855
118.838306 854
118.859424 853
120.172481 852
121.350654 851
121.686849 850
122.185726 849
122.464808 848
123.613466 847
123.669940 846
125.356650 845
127.376764 844
133.907659 843
134.905886 842
139.570566 841
140.273927 840
141.926312 839
142.329986 838
146.307744 837
147.575798 836
149.278743 835
150.650042 834
151.243135 833
152.079074 832
154.123417 831
154.280259 830
156.515726 829
157.869640 828
157.973670 827
159.341430 826
159.536945 825
160.741964 824
165.581796 823
166.158200 822
166.780368 821
167.071135 820
167.551933 819
167.856110 818
169.988502 817
174.851369 816
175.099526 815
175.770147 814
177.183474 813
177.580395 812
179.532435 811
183.072144 810
183.460862 809
184.437442 808
186.252678 807
186.893744 806
187.259862 805
188.636189 804
189.134407 803
189.997416 802
191.148995 801
192.702052 800
193.597723 799
193.983664 798
194.825478 797
196.129289 796
196.994135 795
197.903036 794
201.776468 793
202.260683 792
202.745368 791
203.827521 790
204.725433 789
204.865142 788
205.705554 787
207.347103 786
207.675239 785
210.233325 784
210.384392 783
210.911039 782
212.128946 781
212.269467 780
212.975812 779
213.963742 778
214.988804 777
216.168194 776
216.303703 775
217.806103 774
219.693454 773
222.111625 772
222.117995 771
222.236691 770
224.400666 769
225.572791 768
227.298589 767
227.975987 766
229.228508 765
230.722560 764
231.162594 763
231.195061 762
233.341735 761
233.630814 760
234.580533 759
238.564705 758
240.706658 757
241.739680 756
242.087948 755
242.226152 754
243.544900 753
244.199309 752
244.802669 751
245.126373 750
245.802747 749
246.366413 748
250.883647 747
251.578430 746
253.162298 745
256.819263 744
256.979370 743
257.990088 742
258.316597 741
261.129713 740
263.855472 739
263.978985 738
266.395061 737
267.006110 736
269.944371 735
270.619226 734
270.643441 733
274.162258 732
275.455510 731
277.128456 730
279.542902 729
279.599163 728
283.982579 727
284.556320 726
284.878010 725
287.072143 724
288.129475 723
289.277631 722
291.209005 721
292.884840 720
296.064810 719
297.724393 718
299.538049 717
300.816289 716
302.691270 715
302.945743 714
305.899234 713
309.176228 712
310.893064 711
313.700873 710
314.516134 709
316.011132 708
318.285041 707
318.507307 706
321.731714 705
322.764004 704
324.465685 703
325.060288 702
325.740230 701
326.438482 700
326.848148 699
327.533505 698
330.231390 697
330.552102 696
330.596590 695
334.648772 694
338.566392 693
342.030459 692
342.645433 691
344.514491 690
345.667428 689
345.754183 688
346.827491 687
347.095387 686
348.931559 685
351.827438 684
352.406349 683
353.894378 682
354.852586 681
354.897009 680
355.125076 679
355.663726 678
356.661805 677
356.882552 676
357.915602 675
358.596042 674
359.772562 673
362.911839 672
364.961518 671
366.577169 670
367.530671 669
369.366590 668
370.758716 667
370.834127 666
370.871870 665
371.692292 664
372.599289 663
374.007207 662
375.536928 661
375.698020 660
376.544031 659
376.641077 658
376.879368 657
377.087225 656
377.739557 655
377.916191 654
380.228026 653
383.270143 652
384.408591 651
386.321461 650
388.388907 649
389.617225 648
392.877788 647
393.076442 646
393.498994 645
394.957326 644
396.134723 643
400.033790 642
401.182946 641
406.769641 640
407.021773 639
409.732931 638
415.299020 637
415.324392 636
416.544290 635
420.451435 634
423.087715 633
424.472313 632
427.070614 631
428.058886 630
430.268102 629
433.689741 628
435.130266 627
437.472737 626
437.788141 625
443.577004 624
446.858482 623
447.647929 622
447.898740 621
452.912507 620
458.147436 619
459.251815 618
459.695996 617
462.346537 616
463.609547 615
464.082358 614
465.148434 613
466.379759 612
469.776634 611
471.431218 610
473.922759 609
474.248073 608
474.411368 607
476.391816 606
480.120361 605
481.041468 604
482.275777 603
483.303559 602
484.530474 601
486.347072 600
487.000727 599
487.068494 598
487.458923 597
489.371405 596
493.923373 595
497.812829 594
504.075466 593
509.245990 592
511.214978 591
511.931234 590
514.103796 589
514.789322 588
516.239314 587
521.235721 586
523.824796 585
527.572426 584
528.660148 583
530.215545 582
533.187611 581
534.275524 580
534.929133 579
535.936722 578
540.931244 577
541.432015 576
542.330834 575
543.813905 574
552.591384 573
553.486851 572
553.567172 571
554.202825 570
558.172283 569
558.882162 568
559.299480 567
560.186175 566
561.379283 565
566.580989 564
569.814248 563
573.612907 562
574.061465 561
574.401341 560
576.606685 559
576.986211 558
581.902017 557
586.275475 556
588.083708 555
589.247031 554
590.434693 553
591.432781 552
591.913843 551
592.067087 550
596.179211 549
596.871024 548
596.953482 547
600.475034 546
601.775453 545
603.419377 544
615.419987 543
620.338507 542
620.895333 541
624.358664 540
624.562934 539
629.254716 538
630.859270 537
632.214836 536
634.753090 535
635.736348 534
636.260707 533
636.662928 532
636.673242 531
636.863039 530
637.259073 529
638.661948 528
643.022773 527
645.030510 526
649.928274 525
652.519075 524
654.779728 523
655.248824 522
658.557674 521
662.306100 520
664.139679 519
665.157801 518
666.377607 517
668.245965 516
668.566731 515
668.839764 514
668.969612 513
674.410672 512
678.544428 511
678.549222 510
679.945677 509
682.477562 508
683.927040 507
684.290837 506
686.467250 505
690.725701 504
691.492554 503
694.237386 502
695.233377 501
695.831323 500
696.797710 499
701.915965 498
708.709389 497
710.400231 496
711.319118 495
712.605984 494
712.633135 493
716.095252 492
716.149412 491
717.309957 490
720.849268 489
722.344575 488
722.521871 487
723.634504 486
723.738716 485
724.088055 484
731.168709 483
735.255232 482
737.511160 481
739.760587 480
742.613615 479
745.001416 478
745.480625 477
747.389309 476
748.280318 475
748.700247 474
748.920925 473
751.161796 472
751.439654 471
754.948010 470
760.133006 469
764.294955 468
769.791271 467
770.612028 466
770.760388 465
772.572479 464
772.611641 463
773.666311 462
776.793950 461
780.496831 460
780.869131 459
781.588973 458
782.325391 457
783.246623 456
783.932352 455
785.218211 454
788.521069 453
792.239074 452
793.964628 451
798.492658 450
799.210145 449
799.340986 448
801.221933 447
801.981423 446
804.820297 445
809.092416 444
809.270847 443
810.175237 442
810.217252 441
813.632152 440
817.242269 439
819.753812 438
822.575191 437
823.290160 436
826.778639 435
826.781717 434
827.617342 433
829.077402 432
830.609163 431
835.800021 430
840.318175 429
841.027489 428
841.435608 427
841.607870 426
844.253440 425
848.544663 424
850.963908 423
851.134135 422
858.444401 421
864.362032 420
864.665824 419
865.450905 418
866.082820 417
866.293802 416
866.590544 415
869.706675 414
870.762710 413
872.130846 412
872.439820 411
872.742087 410
875.594321 409
875.928540 408
878.088390 407
879.401587 406
881.480303 405
882.133734 404
882.559649 403
884.321221 402
885.202700 401
888.300888 400
890.466639 399
892.016346 398
894.833697 397
898.202480 396
899.272125 395
900.449044 394
900.901016 393
903.181433 392
903.373987 391
903.774805 390
906.441145 389
909.834098 388
913.456244 387
917.410083 386
918.437612 385
920.794751 384
923.377526 383
926.108255 382
931.098798 381
936.167491 380
937.218947 379
940.277016 378
942.220246 377
942.433274 376
946.521298 375
947.808630 374
948.306436 373
950.351093 372
952.552565 371
952.730293 370
953.420118 369
957.348469 368
962.351006 367
966.083099 366
966.118926 365
969.215373 364
971.784189 363
972.594474 362
975.189358 361
977.174169 360
979.240530 359
980.654043 358
982.784317 357
984.941159 356
985.380526 355
989.340027 354
989.703550 353
990.825036 352
1004.429625 351
1006.317989 350
1007.462326 349
1008.622691 348
1008.741321 347
1009.021229 346
1012.473647 345
1015.359119 344
1016.022634 343
1018.102865 342
1018.675833 341
1019.678174 340
1024.987747 339
1031.917178 338
1034.206123 337
1040.593505 336
1040.711424 335
1043.424847 334
1043.506470 333
1047.434110 332
1047.863726 331
1051.501371 330
1052.770294 329
1059.086786 328
1068.610860 327
1069.582510 326
1074.019980 325
1075.265325 324
1076.504441 323
1079.348143 322
1083.231027 321
1086.126663 320
1088.530413 319
1094.704435 318
1101.213184 317
1101.286248 316
1102.033353 315
1102.282045 314
1103.988625 313
1109.850401 312
1111.524521 311
1111.711228 310
1115.358500 309
1116.441343 308
1118.698023 307
1119.003800 306
1124.147952 305
1124.862792 304
1125.654814 303
1130.731570 302
1131.472986 301
1133.227681 300
1134.321687 299
1138.281833 298
1138.684377 297
1138.927214 296
1142.555413 295
1142.597467 294
1142.785883 293
1150.194605 292
1150.344553 291
1152.976254 290
1153.288005 289
1153.389723 288
1158.286987 287
1163.775012 286
1163.964507 285
1167.028087 284
1172.298310 283
1191.585362 282
1194.517315 281
1195.549619 280
1195.933098 279
1195.986980 278
1197.012142 277
1197.736158 276
1198.676520 275
1198.848633 274
1200.423201 273
1202.451819 272
1206.602386 271
1206.896551 270
1213.518332 269
1214.240567 268
1223.233961 267
1227.643918 266
1229.548542 265
1230.034655 264
1230.340643 263
1237.633719 262
1243.556366 261
1243.567433 260
1251.020800 259
1258.887167 258
1265.573207 257
1266.526228 256
1284.688598 255
1285.754692 254
1287.923925 253
1293.945336 252
1298.235363 251
1300.256456 250
1305.427715 249
1306.171086 248
1317.901628 247
1323.006674 246
1323.341843 245
1325.902838 244
1330.124907 243
1334.621011 242
1336.397759 241
1336.449890 240
1340.684387 239
1344.347615 238
1347.522637 237
1349.882468 236
1353.910796 235
1361.585539 234
1361.653770 233
1363.196735 232
1364.240416 231
1366.552991 230
1372.788626 229
1378.462034 228
1384.234715 227
1387.625858 226
1388.420366 225
1389.666470 224
1392.933716 223
1398.400413 222
1408.616912 221
1408.848804 220
1410.023851 219
1410.116625 218
1410.386441 217
1413.274851 216
1422.678361 215
1422.861128 214
1435.623683 213
1437.638108 212
1440.832474 211
1441.617757 210
1443.600402 209
1446.383160 208
1447.796312 207
1448.711593 206
1452.069854 205
1462.267395 204
1467.863057 203
1468.198207 202
1473.836527 201
1483.680710 200
1489.239453 199
1489.440271 198
1494.846961 197
1502.364874 196
1507.541321 195
1510.304111 194
1512.268956 193
1513.836075 192
1516.428808 191
1522.350081 190
1528.173863 189
1531.797414 188
1536.843762 187
1542.105306 186
1545.087260 185
1554.396602 184
1557.065333 183
1557.268326 182
1559.347410 181
1562.134966 180
1570.858979 179
1575.513215 178
1577.382451 177
1584.559620 176
1588.023007 175
1590.148446 174
1604.173949 173
1607.912965 172
1610.873151 171
1612.098678 170
1623.136945 169
1626.853910 168
1628.509693 167
1637.225060 166
1663.151194 165
1663.513698 164
1674.578175 163
1679.613061 162
1680.991101 161
1693.830754 160
1702.452623 159
1703.440203 158
1716.472936 157
1716.807966 156
1717.491948 155
1728.468356 154
1756.825098 153
1767.661962 152
1770.925837 151
1776.132624 150
1781.342995 149
1789.571256 148
1793.623782 147
1795.897706 146
