0.000000 970
1.099910 969
1.118476 968
1.260138 967
2.526487 966
2.636104 965
2.832411 964
3.086223 963
3.755832 962
4.560495 961
5.188804 960
5.995424 959
6.967157 958
7.698635 957
7.818929 956
8.316118 955
8.370489 954
9.095516 953
12.263665 952
12.355527 951
13.287489 950
13.578753 949
13.966160 948
14.772801 947
16.680971 946
17.962819 945
18.621436 944
20.337412 943
24.234454 942
25.165486 941
25.166305 940
25.521789 939
25.972224 938
26.130509 937
26.237028 936
28.857094 935
29.975878 934
30.695120 933
33.393255 932
34.962428 931
35.185551 930
35.222106 929
35.375863 928
36.602073 927
37.696856 926
40.164414 925
43.058660 924
43.589538 923
46.943166 922
46.947618 921
47.256843 920
47.850453 919
48.787828 918
48.924788 917
49.083348 916
51.916811 915
52.323372 914
54.226627 913
55.407833 912
55.993257 911
57.289488 910
57.429589 909
60.050021 908
63.123573 907
66.134818 906
67.608911 905
69.643059 904
70.240227 903
72.227240 902
72.480985 901
74.544424 900
76.345528 899
76.643595 898
76.748163 897
78.416695 896
78.744587 895
78.793552 894
79.732361 893
81.513064 892
84.212993 891
85.104158 890
85.125873 889
85.587499 888
86.002987 887
86.788674 886
88.326532 885
89.738642 884
92.253870 883
92.972064 882
95.012598 881
96.387237 880
98.500315 879
98.773237 878
100.239973 877
104.064462 876
104.837095 875
106.188802 874
106.511362 873
108.155596 872
109.188335 871
109.469804 870
110.124365 869
111.734977 868
111.846125 867
113.481970 866
113.921431 865
114.501351 864
114.574363 863
114.837525 862
116.772646 861
119.305189 860
122.842196 859
122.883398 858
124.011255 857
124.945540 856
126.423755 855
127.859523 854
127.884161 853
129.244943 852
129.440242 851
129.757203 850
130.400355 849
130.510862 848
132.066980 847
132.993657 846
134.518803 845
135.653233 844
136.095855 843
137.167339 842
140.305523 841
140.306184 840
140.358174 839
140.665183 838
142.412310 837
143.841006 836
145.722550 835
146.094227 834
147.242007 833
147.903693 832
148.630299 831
150.798028 830
151.290286 829
152.859638 828
153.755804 827
153.985590 826
154.192018 825
157.207742 824
157.707161 823
159.793250 822
160.100443 821
160.693649 820
164.416583 819
165.128794 818
167.264142 817
169.764205 816
170.001598 815
174.368365 814
176.259189 813
176.670522 812
176.923394 811
179.512735 810
180.704107 809
180.970199 808
181.149471 807
182.110620 806
182.728359 805
183.476119 804
184.911093 803
186.269039 802
188.117183 801
190.042461 800
190.866957 799
191.772486 798
192.006307 797
194.740252 796
195.140691 795
196.223072 794
196.547960 793
199.265555 792
199.702545 791
201.047697 790
201.403073 789
202.820343 788
203.009790 787
203.835051 786
204.004108 785
204.627590 784
205.414047 783
205.718733 782
206.958523 781
208.682373 780
209.524649 779
211.492788 778
211.933119 777
213.103786 776
214.404845 775
215.916818 774
216.908433 773
219.324076 772
220.030498 771
220.054673 770
221.619997 769
222.856102 768
228.540732 767
229.968965 766
231.972233 765
232.054398 764
232.911328 763
234.664291 762
234.667544 761
235.372087 760
235.669840 759
237.385848 758
239.004027 757
239.442186 756
239.630099 755
241.296675 754
243.155847 753
247.387886 752
251.344490 751
254.149172 750
255.951373 749
258.636885 748
258.813435 747
265.324386 746
266.103653 745
266.720489 744
268.389091 743
275.614566 742
276.487146 741
277.835952 740
278.335393 739
278.479898 738
281.091574 737
282.586131 736
282.789768 735
283.071875 734
285.257789 733
287.428367 732
290.644651 731
291.858813 730
292.661402 729
293.677926 728
295.948942 727
296.594121 726
298.002046 725
304.591183 724
306.588516 723
307.181219 722
308.140452 721
312.469505 720
312.528276 719
312.568652 718
313.049019 717
313.071376 716
313.507052 715
315.101868 714
315.131308 713
321.857221 712
322.948154 711
323.317338 710
323.702384 709
323.854881 708
323.886548 707
324.582282 706
324.665436 705
328.465250 704
329.271778 703
331.194827 702
333.921440 701
336.127285 700
339.470801 699
339.639456 698
339.887882 697
340.104656 696
340.566988 695
342.713507 694
345.944992 693
349.985866 692
351.550061 691
351.762040 690
353.329519 689
355.153829 688
355.299026 687
356.497772 686
356.506773 685
356.728135 684
357.789378 683
359.261684 682
360.108389 681
360.866433 680
361.661668 679
361.853278 678
365.253467 677
365.254204 676
365.416252 675
365.442528 674
366.835056 673
367.484435 672
369.109364 671
369.637664 670
370.977678 669
371.890531 668
372.650045 667
373.141694 666
374.539358 665
376.630500 664
379.467098 663
380.070928 662
380.712185 661
381.634724 660
381.639958 659
382.303640 658
384.185845 657
386.775722 656
386.962034 655
390.823136 654
392.447069 653
393.382781 652
394.992507 651
396.194132 650
397.589085 649
399.045652 648
399.078779 647
400.943679 646
402.210007 645
407.139625 644
407.423847 643
407.777865 642
409.224443 641
409.724244 640
409.771031 639
409.826574 638
411.073953 637
414.638700 636
414.677480 635
414.747309 634
414.825878 633
415.842545 632
420.561148 631
422.518579 630
424.320139 629
426.521959 628
428.670327 627
429.921703 626
430.507957 625
431.354200 624
432.667653 623
434.151738 622
435.516298 621
436.496737 620
437.663027 619
437.773358 618
442.184526 617
442.747805 616
443.562354 615
444.103935 614
444.777779 613
444.973215 612
446.294124 611
449.133543 610
453.252637 609
453.329876 608
453.457430 607
461.151505 606
461.718280 605
462.432602 604
463.654623 603
463.986116 602
465.383651 601
465.703986 600
466.404346 599
469.164470 598
474.225545 597
478.008374 596
479.837585 595
480.168659 594
481.369212 593
484.189772 592
489.948483 591
492.472698 590
493.690423 589
493.725510 588
496.957317 587
500.070981 586
500.696464 585
502.749383 584
503.151246 583
508.205635 582
510.271753 581
511.370186 580
515.309634 579
518.106729 578
520.768122 577
525.071684 576
529.830723 575
530.487103 574
531.950426 573
533.089110 572
535.260339 571
538.579390 570
539.286075 569
542.276708 568
546.233078 567
549.601413 566
550.024714 565
550.849489 564
551.348028 563
551.679543 562
551.961077 561
552.854696 560
553.917609 559
558.561045 558
560.347899 557
562.044109 556
562.176792 555
563.148825 554
566.288768 553
568.455733 552
573.082801 551
574.519327 550
574.587158 549
574.923351 548
580.110661 547
580.215949 546
580.707320 545
581.237274 544
581.272864 543
583.649520 542
583.729936 541
583.863448 540
584.860712 539
586.831896 538
587.849266 537
593.201487 536
596.046232 535
596.132297 534
599.206582 533
599.727353 532
600.279187 531
601.454354 530
605.049670 529
607.795055 528
608.133654 527
609.991977 526
611.992475 525
612.341184 524
612.999322 523
615.179497 522
615.323349 521
616.746473 520
617.358936 519
619.191249 518
619.963580 517
627.587459 516
629.305661 515
629.763820 514
630.119347 513
635.673779 512
636.252287 511
639.478985 510
639.792704 509
640.396157 508
646.192339 507
646.421490 506
648.242248 505
650.879240 504
651.277472 503
652.978078 502
653.794794 501
655.102265 500
655.103968 499
655.569243 498
656.854015 497
657.885193 496
659.233294 495
659.780302 494
660.297846 493
661.252517 492
661.540417 491
663.741445 490
664.640438 489
664.643852 488
666.566079 487
669.430733 486
670.747245 485
671.365703 484
675.906497 483
677.711285 482
678.202283 481
687.116516 480
687.470641 479
689.182712 478
689.281586 477
691.387432 476
696.349110 475
696.496947 474
699.496797 473
704.062126 472
707.773942 471
708.968882 470
711.822872 469
716.832561 468
717.866363 467
719.169380 466
720.157233 465
722.879242 464
732.373019 463
732.636302 462
734.171388 461
734.590974 460
735.792792 459
737.745474 458
738.969444 457
751.350395 456
754.182431 455
755.176949 454
755.484422 453
756.062936 452
757.386228 451
765.820214 450
769.434713 449
770.731723 448
772.824415 447
774.567670 446
775.185662 445
776.362846 444
777.056563 443
777.073360 442
779.048318 441
780.072590 440
780.459364 439
784.417365 438
785.144399 437
785.516159 436
785.671441 435
794.277391 434
805.823688 433
813.250822 432
814.568037 431
818.862199 430
822.119265 429
824.290712 428
825.905663 427
826.925940 426
834.570658 425
836.350023 424
837.100260 423
837.448607 422
837.829307 421
843.615491 420
847.179516 419
848.317429 418
864.258871 417
867.206197 416
867.548518 415
868.238472 414
868.897087 413
879.741652 412
883.689687 411
888.564367 410
888.947305 409
895.210644 408
897.300391 407
898.827725 406
899.178877 405
900.240051 404
900.764812 403
901.459158 402
901.539675 401
907.573259 400
909.027391 399
910.555278 398
911.188025 397
917.407905 396
918.542897 395
918.669773 394
918.716128 393
920.309440 392
922.424580 391
925.464057 390
926.598027 389
930.019322 388
934.534026 387
936.085540 386
936.598403 385
941.318701 384
942.412665 383
942.949402 382
944.111954 381
946.157605 380
951.401669 379
957.745568 378
957.746332 377
961.572539 376
962.361574 375
965.448096 374
969.859194 373
973.812457 372
975.573102 371
979.428930 370
980.200603 369
981.353205 368
982.478006 367
987.651422 366
989.731397 365
994.478875 364
997.547334 363
997.914948 362
998.371889 361
999.860529 360
1000.383675 359
1001.627741 358
1002.469366 357
1004.766638 356
1007.248108 355
1009.123798 354
1010.904668 353
1012.148615 352
1014.495557 351
1016.973106 350
1019.697844 349
1031.415651 348
1035.343630 347
1038.800120 346
1042.139824 345
1044.554567 344
1046.187062 343
1046.985255 342
1048.817193 341
1049.819829 340
1062.487795 339
1062.592997 338
1063.495869 337
1064.247594 336
1064.975229 335
1066.543745 334
1067.416596 333
1067.883088 332
1068.676515 331
1070.910452 330
1075.993780 329
1077.962737 328
1078.677496 327
1082.309548 326
1088.967055 325
1089.949296 324
1098.111749 323
1109.907561 322
1111.275269 321
1113.990492 320
1114.056643 319
1122.649003 318
1126.510179 317
1130.073439 316
1131.185456 315
1135.101945 314
1135.542790 313
1136.328324 312
1136.478531 311
1140.102998 310
1146.179080 309
1148.003287 308
1148.056787 307
1154.269089 306
1160.943949 305
1165.188642 304
1166.759399 303
1167.275784 302
1167.824449 301
1168.069930 300
1169.341607 299
1181.859379 298
1184.757655 297
1192.460457 296
1195.072314 295
1196.006083 294
1202.894430 293
1203.920546 292
1204.095099 291
1204.493839 290
1205.036656 289
1206.694352 288
1209.717463 287
1216.583358 286
1218.168341 285
1221.581053 284
1224.161546 283
1224.944559 282
1225.633083 281
1230.169525 280
1245.811797 279
1253.641899 278
1257.735164 277
1265.415059 276
1267.128973 275
1270.697950 274
1273.973763 273
1285.358268 272
1287.660828 271
1293.579863 270
1295.458634 269
1300.665953 268
1304.047144 267
1314.763470 266
1323.989880 265
1324.428000 264
1328.777320 263
1331.479379 262
1335.117526 261
1339.268647 260
1341.114530 259
1342.622313 258
1347.038721 257
1347.948731 256
1350.127220 255
1352.413989 254
1358.319790 253
1361.239752 252
1367.281269 251
1381.313203 250
1387.514496 249
1390.114298 248
1395.892271 247
1398.352718 246
1398.458652 245
1399.775164 244
1401.592108 243
1403.411459 242
1409.403712 241
1409.509971 240
1421.504166 239
1425.739756 238
1429.160860 237
1435.760286 236
1438.849289 235
1445.298276 234
1445.480925 233
1446.269412 232
1450.042922 231
1455.866147 230
1460.143014 229
1463.030296 228
1474.453435 227
1477.246313 226
1477.484044 225
1483.467336 224
1491.548245 223
1492.602420 222
1503.176369 221
1503.681047 220
1506.239879 219
1506.926793 218
1509.979927 217
1519.958809 216
1521.336534 215
1522.634089 214
1526.057330 213
1526.721114 212
1527.087284 211
1529.330602 210
1531.068527 209
1536.809349 208
1537.551659 207
1539.377335 206
1547.256201 205
1552.123465 204
1562.514858 203
1565.966715 202
1570.160802 201
1571.156667 200
1574.088447 199
1574.209366 198
1574.937707 197
1594.068291 196
1597.466005 195
1600.635710 194
1603.913937 193
1604.660748 192
1626.762783 191
1632.535810 190
1633.087374 189
1644.806357 188
1648.696380 187
1654.749009 186
1655.469666 185
1657.143129 184
1666.520027 183
1667.370924 182
1683.794263 181
1685.799768 180
1689.450551 179
1693.903368 178
1693.932421 177
1706.317004 176
1708.238844 175
1713.665955 174
1720.576614 173
1736.067414 172
1737.233592 171
1739.436729 170
1739.737199 169
1751.335089 168
1756.490184 167
1762.345236 166
1771.314375 165
1778.829696 164
1784.312631 163
1796.638925 162
1797.334323 161
1797.525046 160
1803.167942 159
1806.116540 158
1812.167351 157
1813.605055 156
1824.570509 155
1827.079760 154
1831.324150 153
1834.647587 152
1843.286800 151
1864.858934 150
1873.687895 149
1877.344987 148
1901.192617 147
1918.859446 146
1920.094609 145
1922.801916 144
1923.090384 143
1926.642744 142
1936.447085 141
1944.414123 140
1951.147663 139
1951.663159 138
1957.294544 137
1961.469988 136
1972.015847 135
1973.431667 134
1985.498821 133
1991.634890 132
1996.305581 131
2011.383016 130
2019.618451 129
2021.790399 128
2033.868822 127
2045.466818 126
2051.668615 125
2052.184772 124
2062.644237 123
2067.827286 122
2072.465290 121
2083.770787 120
2098.823810 119
2107.731509 118
2123.224427 117
2133.966252 116
2137.667249 115
2138.053088 114
2144.903766 113
2149.410893 112
2157.219635 111
2167.072395 110
2171.650795 109
2185.536344 108
2195.346899 107
2196.577325 106
2196.643213 105
2198.979180 104
2199.817589 103
2200.398246 102
2204.161943 101
2217.671480 100
2229.634805 99
2244.111829 98
2244.313712 97
2246.133870 96
2253.203461 95
2253.794190 94
2258.800135 93
2267.983887 92
2268.528421 91
2274.779175 90
2275.329954 89
2300.323788 88
2303.896706 87
2305.527113 86
2333.502709 85
2351.147943 84
2351.197858 83
2351.418186 82
2359.998928 81
2376.091341 80
2394.747596 79
2401.252381 78
2401.294592 77
2406.762109 76
2425.733593 75
2425.943638 74
2429.198381 73
2454.002647 72
2477.236556 71
2484.374136 70
2496.261712 69
2497.901334 68
2505.795469 67
2530.745975 66
2548.065000 65
2551.701945 64
2574.178242 63
2589.391841 62
2608.979211 61
2632.085184 60
2639.003148 59
2640.625233 58
2688.189942 57
2694.003460 56
2700.678717 55
2707.524089 54
2734.651173 53
2773.284143 52
2800.937158 51
2804.661990 50
2849.417925 49
2864.793076 48
2892.837334 47
2913.628656 46
2921.119182 45
2922.178086 44
2981.698389 43
3023.707323 42
3032.833791 41
3051.987378 40
3057.420399 39
3063.303649 38
3066.772461 37
3077.766647 36
3145.996333 35
3196.625475 34
3202.981971 33
3208.780492 32
3243.084496 31
3314.569332 30
3332.729602 29
3343.018709 28
3351.814064 27
3394.364497 26
3409.628228 25
3449.959159 24
3465.598856 23
3523.953786 22
3530.110350 21
3596.916841 20
3635.617477 19
3692.863788 18
3794.283996 17
3931.209553 16
3995.879807 15
4047.866399 14
4170.265874 13
4195.013372 12
4199.440776 11
4216.016430 10
4425.327518 9
4455.121555 8
4595.005010 7
4673.562210 6
4692.568827 5
4770.619743 4
4834.777307 3
5119.514864 2
5460.137035 1
5540.972247 0
