0.000000 970
1.192063 969
4.011971 968
5.322672 967
5.342555 966
6.386384 965
9.900076 964
12.661739 963
12.881751 962
13.057271 961
13.096092 960
14.231523 959
18.994419 958
19.769915 957
20.328736 956
20.450210 955
20.459945 954
20.969343 953
23.843693 952
27.066580 951
27.730705 950
28.293525 949
28.369125 948
28.838549 947
29.297513 946
29.630333 945
29.983184 944
30.122659 943
31.605209 942
33.231471 941
35.302828 940
37.118697 939
37.841900 938
39.332425 937
39.747250 936
40.093542 935
40.409986 934
41.820596 933
43.172837 932
43.187406 931
44.253934 930
45.353199 929
47.661749 928
48.497052 927
49.296392 926
52.818458 925
53.315632 924
54.261098 923
54.294848 922
55.027631 921
55.086612 920
55.245519 919
58.028689 918
58.608526 917
59.344914 916
61.553161 915
62.583719 914
63.253095 913
64.716801 912
65.141948 911
66.471908 910
66.543713 909
68.773666 908
70.114899 907
70.136121 906
73.930198 905
75.998393 904
78.980970 903
79.853787 902
82.293742 901
82.954194 900
83.103730 899
83.366252 898
84.631945 897
86.445950 896
87.847739 895
88.562991 894
90.603710 893
91.411016 892
91.494383 891
91.676193 890
92.225850 889
92.354796 888
92.366585 887
93.053116 886
93.928565 885
94.087663 884
95.890182 883
95.981955 882
96.995467 881
97.126925 880
98.122363 879
98.279256 878
99.957760 877
100.513277 876
100.896606 875
101.465479 874
104.747125 873
105.655026 872
106.082766 871
106.151347 870
106.320512 869
106.726130 868
108.911807 867
109.049940 866
109.148026 865
109.650778 864
112.691269 863
113.114071 862
117.738855 861
119.002313 860
119.535370 859
120.810915 858
122.796451 857
125.180094 856
125.872222 855
126.607819 854
126.817636 853
126.932888 852
127.165608 851
127.199049 850
127.243183 849
128.104806 848
129.134907 847
129.990695 846
130.858410 845
132.165409 844
132.227869 843
132.635425 842
133.059895 841
133.238247 840
136.927588 839
137.843767 838
138.817994 837
139.178507 836
139.819019 835
142.066861 834
142.416507 833
143.008266 832
143.312525 831
143.733079 830
143.804728 829
147.545414 828
149.935818 827
150.200025 826
152.201104 825
153.431455 824
153.493106 823
154.926153 822
156.143444 821
158.463764 820
160.576038 819
161.370531 818
162.781969 817
163.055835 816
164.397259 815
164.411199 814
165.067878 813
166.008398 812
167.087622 811
167.797789 810
168.144927 809
168.432560 808
169.148386 807
169.538404 806
169.617377 805
170.480417 804
172.260468 803
172.671719 802
173.085272 801
173.335977 800
173.686039 799
176.327168 798
176.550519 797
177.288920 796
177.818396 795
179.805233 794
180.738145 793
181.041709 792
182.973379 791
183.140637 790
184.383409 789
186.780657 788
189.369907 787
190.632863 786
191.522137 785
192.418523 784
193.091348 783
194.114216 782
194.407017 781
194.969988 780
195.970879 779
196.618824 778
197.485645 777
199.099305 776
199.349580 775
201.411305 774
203.713267 773
204.716431 772
205.477227 771
205.480630 770
205.787242 769
206.541473 768
207.544890 767
208.431695 766
208.504106 765
209.612119 764
209.968671 763
213.364786 762
214.262736 761
215.258873 760
215.355877 759
216.193633 758
216.429549 757
216.736534 756
217.565011 755
218.763393 754
220.751418 753
226.676928 752
228.135863 751
229.255836 750
232.872811 749
233.697183 748
235.350392 747
236.840508 746
236.920653 745
241.092213 744
241.789209 743
242.143868 742
243.998091 741
244.650115 740
244.775499 739
247.854190 738
251.497090 737
255.107725 736
256.078258 735
257.709914 734
259.831779 733
260.244835 732
262.759577 731
262.816683 730
263.017950 729
265.079468 728
267.493914 727
268.534549 726
271.346264 725
276.065212 724
277.370473 723
278.314853 722
278.484719 721
279.241160 720
279.858471 719
279.964302 718
280.502352 717
280.758108 716
283.639150 715
284.318041 714
285.639453 713
286.014402 712
288.534139 711
289.264511 710
289.528915 709
289.833267 708
291.063226 707
299.313077 706
301.543943 705
302.071183 704
302.162986 703
302.845689 702
303.031144 701
304.315821 700
311.406053 699
312.103633 698
312.755398 697
313.812505 696
314.818464 695
317.742011 694
319.205406 693
320.891199 692
321.023627 691
323.839931 690
324.714912 689
327.318649 688
328.249885 687
329.397472 686
330.866158 685
331.798945 684
333.703438 683
335.653341 682
335.708637 681
340.254707 680
341.117412 679
343.594160 678
344.915850 677
345.228008 676
346.028681 675
351.401087 674
351.753595 673
352.266926 672
353.081249 671
353.148328 670
354.283897 669
354.609435 668
354.827495 667
356.065969 666
358.992136 665
359.991327 664
366.567822 663
366.578970 662
368.281080 661
368.783433 660
369.270061 659
371.419442 658
371.851235 657
373.511590 656
374.891046 655
375.299543 654
376.234728 653
376.699594 652
378.210362 651
379.167850 650
379.366596 649
379.502594 648
382.334174 647
386.897372 646
387.472731 645
388.879027 644
389.572815 643
391.746266 642
392.982486 641
395.541981 640
396.369499 639
396.856846 638
397.769628 637
398.150132 636
398.576556 635
399.921128 634
400.216209 633
401.310144 632
402.513720 631
407.578514 630
409.650879 629
409.808432 628
410.482453 627
416.768942 626
418.237250 625
420.660863 624
422.835193 623
422.947972 622
423.684127 621
424.364030 620
429.597689 619
430.738884 618
430.996236 617
432.284921 616
433.309151 615
433.767378 614
437.135810 613
444.937685 612
446.566252 611
452.589696 610
459.794222 609
464.923062 608
465.014095 607
466.828594 606
467.126999 605
467.610932 604
467.713754 603
470.144792 602
471.397490 601
474.334113 600
476.812735 599
477.041389 598
479.999713 597
483.912750 596
493.170476 595
493.424371 594
493.914096 593
495.088039 592
496.486677 591
499.069320 590
499.560224 589
507.226329 588
507.940754 587
508.443053 586
508.932292 585
510.623322 584
512.894774 583
514.547329 582
517.222863 581
517.398612 580
520.355821 579
521.566933 578
523.478393 577
525.637601 576
527.397089 575
527.476955 574
528.086405 573
528.445950 572
529.939606 571
535.144632 570
537.323114 569
537.499674 568
539.544443 567
540.663211 566
541.729845 565
544.413649 564
545.587443 563
549.558366 562
550.607455 561
553.489448 560
554.417639 559
555.060086 558
556.566688 557
557.623725 556
559.374051 555
559.451549 554
560.939680 553
561.539952 552
563.509918 551
564.298621 550
564.603167 549
565.492379 548
566.069646 547
566.312154 546
567.476405 545
568.113126 544
568.640042 543
568.881649 542
574.192754 541
577.235473 540
581.327602 539
582.661170 538
586.251236 537
586.562890 536
587.591976 535
589.043806 534
591.191504 533
591.473139 532
596.895932 531
598.671585 530
598.853382 529
600.831111 528
611.480199 527
612.427693 526
616.464765 525
619.619741 524
621.477432 523
621.954179 522
622.328390 521
625.300536 520
626.674362 519
627.198780 518
627.643994 517
627.718826 516
640.035227 515
640.990923 514
641.154747 513
642.689525 512
646.385285 511
646.666010 510
651.852046 509
651.948266 508
655.209499 507
657.706804 506
660.801209 505
666.604319 504
667.962081 503
668.273473 502
670.363171 501
671.465715 500
672.228259 499
675.937036 498
677.592995 497
683.864215 496
684.072013 495
684.849364 494
686.745827 493
687.975433 492
688.337101 491
689.868805 490
691.220187 489
692.793009 488
697.271000 487
699.266520 486
700.389768 485
702.119956 484
704.204472 483
704.639721 482
705.514827 481
708.474293 480
709.156341 479
711.526086 478
715.838339 477
718.315302 476
721.187122 475
727.279426 474
728.314622 473
728.804722 472
733.853222 471
735.908642 470
740.229803 469
740.573020 468
743.626708 467
744.627089 466
746.785392 465
746.858020 464
749.630946 463
750.019498 462
750.671562 461
752.935591 460
760.809749 459
762.888926 458
764.173920 457
767.151402 456
767.957815 455
771.136092 454
771.165393 453
772.965266 452
775.478264 451
775.604539 450
777.675424 449
781.316720 448
781.470823 447
782.930867 446
784.632149 445
794.347537 444
795.053927 443
797.963231 442
798.182557 441
800.746451 440
803.550092 439
804.257979 438
804.735777 437
804.979035 436
807.663273 435
809.006525 434
810.662926 433
812.835585 432
817.455994 431
820.057463 430
822.169133 429
824.269289 428
826.026436 427
826.799569 426
828.561020 425
832.068723 424
832.570971 423
833.868460 422
834.411361 421
837.357500 420
839.749304 419
839.881917 418
840.451551 417
841.389267 416
843.764234 415
844.558126 414
844.632012 413
844.860071 412
844.868570 411
845.933399 410
846.600095 409
846.722221 408
850.768003 407
852.866348 406
854.567791 405
858.237223 404
861.060706 403
870.598937 402
876.927454 401
884.013840 400
885.647585 399
887.101978 398
887.452505 397
890.740227 396
894.021300 395
898.216285 394
902.669275 393
906.196662 392
909.979112 391
921.002107 390
921.751134 389
923.332209 388
926.221730 387
926.971595 386
927.694402 385
930.196580 384
932.168610 383
933.229650 382
933.475578 381
933.625497 380
934.254027 379
936.426367 378
936.679495 377
938.938342 376
948.200778 375
948.574443 374
948.700653 373
948.909372 372
949.407501 371
950.442755 370
954.119362 369
954.842284 368
955.450766 367
957.218416 366
963.482070 365
964.990186 364
965.701392 363
966.694762 362
967.219195 361
967.786058 360
968.299294 359
968.494781 358
969.297679 357
971.831571 356
975.737139 355
982.986076 354
985.991872 353
990.534594 352
990.619122 351
993.785860 350
993.903453 349
995.076109 348
997.054189 347
1003.335537 346
1008.086923 345
1008.850099 344
1009.878058 343
1013.325490 342
1017.680740 341
1018.518924 340
1020.343459 339
1021.682587 338
1025.490109 337
1026.643494 336
1029.722269 335
1032.520772 334
1033.000281 333
1038.748014 332
1048.566388 331
1053.066092 330
1053.408055 329
1056.975106 328
1061.582470 327
1061.891655 326
1062.781197 325
1065.075832 324
1066.988019 323
1073.642509 322
1073.643394 321
1074.232349 320
1074.548931 319
1076.909418 318
1078.574172 317
1082.624025 316
1085.594529 315
1086.416646 314
1088.327590 313
1088.866692 312
1089.091007 311
1092.643799 310
1095.656044 309
1095.681067 308
1099.664375 307
1102.081734 306
1106.905985 305
1109.865827 304
1110.650369 303
1113.116930 302
1113.625681 301
1117.014605 300
1119.086235 299
1120.744069 298
1124.225188 297
1130.172734 296
1130.367776 295
1132.024913 294
1133.055222 293
1133.660565 292
1136.218701 291
1136.666976 290
1144.254517 289
1147.424293 288
1147.535870 287
1149.548481 286
1153.533889 285
1156.855895 284
1168.812970 283
1169.602670 282
1173.171707 281
1173.451149 280
1174.656471 279
1181.832602 278
1181.912103 277
1185.651458 276
1188.225885 275
1207.065233 274
1208.833610 273
1209.572227 272
1211.975601 271
1212.755311 270
1217.426415 269
1219.053169 268
1219.264101 267
1229.923836 266
1231.393341 265
1234.693612 264
1239.299345 263
1247.074812 262
1254.300470 261
1257.777384 260
1269.557897 259
1272.395347 258
1274.699998 257
1276.808541 256
1288.915468 255
1289.219700 254
1290.406925 253
1293.327114 252
1300.255964 251
1307.889298 250
1308.784566 249
1309.603991 248
1310.471731 247
1311.180460 246
1313.740059 245
1323.111776 244
1325.619153 243
1325.833969 242
1327.949234 241
1338.878427 240
1340.721878 239
1346.889021 238
1352.361939 237
1352.585774 236
1360.349581 235
1372.835748 234
1377.713007 233
1383.913725 232
1387.380287 231
1392.136022 230
1403.480316 229
1403.495024 228
1405.884987 227
1414.553378 226
1415.815909 225
1418.157415 224
1434.554212 223
1434.905214 222
1435.328916 221
1443.284713 220
1456.812599 219
1460.021207 218
1462.437852 217
1462.734217 216
1473.491289 215
1475.171976 214
1479.837074 213
1493.745250 212
1506.998851 211
1514.276796 210
1515.335680 209
1516.906734 208
1517.597474 207
1525.744697 206
1527.323897 205
1534.944575 204
1536.157080 203
1537.390620 202
1545.646170 201
1548.533656 200
1555.890081 199
1557.295406 198
1560.493882 197
1560.649229 196
1563.413463 195
1564.690120 194
1571.938571 193
1572.021130 192
1575.528836 191
1577.690886 190
1580.221712 189
1581.972875 188
1582.399945 187
1587.867592 186
1589.473771 185
1591.698592 184
1592.548032 183
1593.415604 182
1602.945797 181
1604.897455 180
1604.944074 179
1614.032129 178
1622.858616 177
1623.908199 176
1627.835485 175
1627.903098 174
1629.204577 173
1629.947076 172
1630.600364 171
1630.902097 170
1644.195396 169
1648.612576 168
1660.826136 167
1663.868897 166
1672.211592 165
1690.948954 164
1692.958712 163
1695.314042 162
1697.206854 161
1699.398073 160
1704.593351 159
1710.039204 158
1719.369892 157
1719.399235 156
1720.582780 155
1758.347361 154
1762.544019 153
1769.084105 152
1770.084288 151
1777.625882 150
1777.963126 149
1777.973868 148
1780.973067 147
1814.965362 146
1825.442104 145
1828.632343 144
1828.787796 143
1831.167810 142
1835.103485 141
1845.532492 140
1883.408467 139
1885.311694 138
1885.760597 137
1901.066382 136
1902.580763 135
1907.112770 134
1910.179336 133
1912.514501 132
1915.880605 131
1924.634556 130
1950.906812 129
1968.326145 128
1973.739171 127
1980.500064 126
1992.275664 125
2002.326537 124
2026.832051 123
2040.905196 122
2046.448789 121
2073.064295 120
2105.941905 119
2110.684907 118
2111.832947 117
2120.116504 116
2128.344287 115
2128.623185 114
2131.926211 113
2132.475155 112
2145.460478 111
2150.860766 110
2151.691414 109
2166.214198 108
2170.438363 107
2175.239507 106
2194.041845 105
2208.152172 104
2225.320497 103
2240.196018 102
2240.612871 101
2241.610127 100
2290.718996 99
2295.936827 98
2305.246616 97
2328.643133 96
2329.708930 95
2351.181436 94
2351.460702 93
2364.171237 92
2370.210168 91
2379.818311 90
2381.158643 89
2383.550785 88
2385.239485 87
2392.353725 86
2410.876514 85
2441.089337 84
2448.956747 83
2452.751841 82
2452.827391 81
2455.630747 80
2457.411701 79
2467.889341 78
2469.700236 77
2475.367322 76
2484.379719 75
2485.805371 74
2487.877404 73
2488.863984 72
2493.638594 71
2500.098488 70
2504.580693 69
2517.438335 68
2531.541532 67
2541.385834 66
2543.851139 65
2556.846776 64
2569.156914 63
2580.781139 62
2586.128423 61
2604.173793 60
2608.199037 59
2623.467122 58
2677.360741 57
2714.436345 56
2737.728861 55
2760.212334 54
2832.702109 53
2845.844595 52
2887.757492 51
2918.150616 50
2950.428107 49
2954.970340 48
2955.386806 47
2967.648349 46
2972.898458 45
3010.306247 44
3027.194173 43
3032.059856 42
3065.194428 41
3084.388046 40
3097.377828 39
3133.144438 38
3199.914539 37
3231.935797 36
3231.958538 35
3266.568554 34
3326.420749 33
3413.163914 32
3419.437295 31
3468.138305 30
3482.520744 29
3539.176463 28
3543.021537 27
3564.164253 26
3569.980496 25
3581.299357 24
3887.564246 23
3950.366123 22
4092.626539 21
4096.281561 20
4126.103614 19
4131.431584 18
4139.619461 17
4182.011228 16
4284.068018 15
4360.998714 14
4451.654552 13
4599.421634 12
4710.545550 11
4715.003779 10
4758.579844 9
4834.960115 8
4957.261633 7
5381.851296 6
5568.737500 5
5761.879889 4
6175.968473 3
6285.219632 2
7099.338933 1
7757.970083 0
