0.000000 970
0.904306 969
3.037685 968
3.144621 967
3.324635 966
3.534804 965
3.587407 964
4.164726 963
4.908895 962
5.007436 961
7.143076 960
8.459042 959
8.646562 958
9.691009 957
10.654606 956
10.873902 955
11.961882 954
14.255748 953
14.748406 952
18.886005 951
19.127557 950
20.143361 949
20.683289 948
21.309850 947
22.229886 946
24.818135 945
25.646603 944
28.855116 943
29.221253 942
29.793374 941
30.792162 940
31.600426 939
36.056294 938
36.718205 937
36.757726 936
40.693050 935
40.886366 934
43.098907 933
43.367503 932
44.362753 931
44.876924 930
44.932792 929
46.164484 928
46.934634 927
47.396463 926
47.502299 925
47.689375 924
49.337457 923
49.941079 922
49.960907 921
49.981018 920
50.051863 919
50.225592 918
50.552885 917
50.902487 916
52.680507 915
53.360640 914
56.925923 913
57.051666 912
57.320698 911
57.372444 910
57.727583 909
58.419601 908
59.575824 907
60.313703 906
61.913134 905
62.078776 904
62.978066 903
64.969874 902
65.382036 901
66.412586 900
67.035671 899
68.198028 898
68.436954 897
68.771868 896
68.993126 895
69.192546 894
69.262404 893
71.077526 892
72.552900 891
72.791505 890
75.844991 889
75.912140 888
77.145729 887
80.422737 886
83.043369 885
83.595312 884
87.015451 883
88.200797 882
88.539137 881
90.757384 880
90.805988 879
91.489691 878
91.955474 877
92.017303 876
93.303744 875
93.798063 874
93.998809 873
94.673502 872
95.725815 871
99.655015 870
100.247002 869
101.617316 868
104.103798 867
105.387209 866
107.118071 865
108.786616 864
111.418058 863
111.817910 862
112.211881 861
113.733243 860
114.768740 859
117.029481 858
118.722988 857
119.464300 856
119.998533 855
120.477869 854
121.222512 853
122.117011 852
123.114603 851
123.219154 850
123.624858 849
124.056989 848
124.242681 847
125.404006 846
129.793923 845
129.805572 844
131.191638 843
131.671778 842
132.171947 841
134.403661 840
136.218505 839
138.804265 838
139.165817 837
139.222583 836
140.127690 835
142.800016 834
144.613972 833
147.446822 832
150.337780 831
150.853252 830
150.987343 829
152.152324 828
153.136529 827
153.248843 826
153.344510 825
153.670320 824
154.165269 823
154.243923 822
154.424068 821
155.396721 820
157.015700 819
157.222501 818
158.013069 817
158.389737 816
159.602992 815
159.983869 814
160.763592 813
160.865233 812
160.930674 811
162.965070 810
163.234951 809
167.421366 808
167.870503 807
168.578709 806
169.711338 805
170.016492 804
170.589536 803
171.047217 802
172.279002 801
172.841028 800
175.363599 799
176.486297 798
176.696477 797
177.175326 796
177.733233 795
177.856760 794
178.053647 793
180.418967 792
180.729293 791
180.985211 790
181.250646 789
181.496590 788
181.716905 787
184.830536 786
186.162968 785
186.629178 784
187.727432 783
188.471947 782
189.769013 781
191.979023 780
193.452354 779
194.348309 778
194.671291 777
195.774057 776
196.383949 775
196.761553 774
197.438514 773
198.023317 772
199.179284 771
199.516840 770
200.836028 769
200.951598 768
202.051407 767
205.056639 766
208.186582 765
210.883539 764
213.451282 763
215.043315 762
216.935337 761
223.067156 760
224.312885 759
226.018982 758
226.117226 757
226.443111 756
226.472938 755
228.263288 754
228.732200 753
230.559152 752
232.098392 751
233.428656 750
237.656389 749
239.771692 748
240.553062 747
240.886194 746
242.533394 745
243.671775 744
244.629434 743
245.858238 742
246.681570 741
248.037788 740
252.644593 739
253.110924 738
253.313216 737
253.583234 736
258.181386 735
258.871106 734
259.399878 733
260.033393 732
260.484637 731
261.759930 730
262.299452 729
264.956958 728
265.474697 727
267.186800 726
269.448769 725
270.103913 724
272.049530 723
273.355236 722
274.006799 721
274.530734 720
277.366557 719
279.356086 718
280.057632 717
280.502026 716
282.399699 715
284.140211 714
288.633201 713
288.666892 712
290.873075 711
292.545472 710
294.407829 709
294.682302 708
296.482279 707
297.205442 706
298.195630 705
298.881024 704
298.951958 703
299.868146 702
300.675533 701
301.100414 700
301.931874 699
303.150145 698
303.532616 697
305.141461 696
306.459563 695
306.492053 694
306.799191 693
307.569019 692
308.127572 691
308.537569 690
312.427928 689
313.462994 688
313.863895 687
314.284952 686
316.435283 685
318.421759 684
319.551011 683
319.783013 682
324.041525 681
324.819553 680
326.795869 679
327.081785 678
328.004374 677
328.383006 676
328.905460 675
331.658821 674
335.240377 673
338.619911 672
339.554346 671
345.282329 670
345.396670 669
346.927741 668
349.359410 667
349.844157 666
350.052995 665
350.710862 664
356.406563 663
358.287207 662
360.096696 661
361.401215 660
363.325913 659
363.570076 658
363.904459 657
364.040739 656
366.565104 655
368.222096 654
368.577692 653
371.001341 652
371.981771 651
374.075625 650
376.126891 649
380.879517 648
381.576484 647
382.610161 646
385.185391 645
385.532857 644
385.808505 643
385.853771 642
387.069086 641
390.694376 640
393.412888 639
394.004184 638
394.940427 637
395.275113 636
395.525764 635
396.178152 634
397.467694 633
397.990309 632
398.279353 631
398.361345 630
399.352860 629
404.347641 628
406.507480 627
408.937326 626
413.295184 625
419.031492 624
419.934642 623
422.012733 622
422.411854 621
423.948150 620
438.367759 619
438.778653 618
441.431540 617
442.429964 616
442.909913 615
445.762413 614
446.317195 613
447.372945 612
449.895013 611
451.235923 610
452.393829 609
454.056963 608
454.387707 607
454.909391 606
457.242969 605
461.662085 604
461.667131 603
463.481928 602
468.051272 601
470.503015 600
470.864975 599
471.480399 598
472.946720 597
475.089540 596
477.754550 595
477.758236 594
478.172374 593
480.969171 592
481.508377 591
483.935579 590
486.534931 589
488.214077 588
488.613482 587
492.989138 586
495.411514 585
495.466670 584
499.843275 583
504.272923 582
504.290368 581
505.728324 580
509.285516 579
511.434028 578
511.799853 577
513.395051 576
513.489403 575
516.142313 574
517.264284 573
517.534820 572
517.751625 571
522.964913 570
523.334148 569
524.799101 568
532.729650 567
534.347736 566
535.692248 565
536.345646 564
537.228381 563
537.353789 562
538.541989 561
538.827170 560
540.166917 559
540.877083 558
542.512933 557
547.899363 556
550.637238 555
550.717263 554
550.915986 553
551.806529 552
555.575482 551
556.817053 550
560.657632 549
561.072219 548
562.301390 547
563.467548 546
568.027348 545
569.037391 544
569.119814 543
570.316344 542
570.518696 541
571.941140 540
575.322677 539
577.499478 538
578.108329 537
582.866416 536
583.582715 535
584.233282 534
588.071351 533
589.087013 532
590.033857 531
592.847370 530
593.584553 529
596.368240 528
596.683521 527
600.408689 526
600.538207 525
602.764358 524
606.694705 523
606.745739 522
607.353660 521
610.556662 520
612.589591 519
612.843498 518
614.196443 517
615.792918 516
618.945147 515
620.600012 514
621.012236 513
621.953041 512
623.126224 511
623.629510 510
625.773111 509
626.630699 508
626.640623 507
628.753001 506
630.884700 505
637.514524 504
638.991295 503
644.405510 502
644.897842 501
647.161455 500
649.077508 499
649.946426 498
650.516460 497
651.663010 496
653.567827 495
654.888791 494
656.307850 493
662.273780 492
664.606688 491
665.367601 490
667.087045 489
667.613842 488
670.988185 487
674.608262 486
675.005243 485
677.393526 484
677.816543 483
678.335713 482
679.350040 481
681.537427 480
681.981869 479
683.840615 478
687.398024 477
687.552863 476
690.345250 475
690.696005 474
695.618948 473
701.665817 472
706.952760 471
708.334623 470
708.636497 469
710.404350 468
712.112541 467
713.750844 466
715.489976 465
716.201199 464
717.023241 463
717.713358 462
719.671537 461
722.964240 460
723.245066 459
726.070956 458
726.945053 457
727.538625 456
728.933881 455
729.318239 454
730.340855 453
732.833929 452
732.941296 451
738.037465 450
744.249300 449
747.643254 448
749.626298 447
755.402017 446
764.278998 445
765.161381 444
767.157686 443
767.892774 442
769.183237 441
769.362684 440
770.208216 439
770.742891 438
772.104974 437
775.241152 436
777.363807 435
778.191421 434
781.320283 433
783.491579 432
786.033069 431
786.408335 430
803.500478 429
809.099841 428
815.140314 427
817.450914 426
821.167974 425
826.494683 424
827.225531 423
828.280039 422
833.448193 421
834.683802 420
837.718153 419
839.014077 418
841.049491 417
848.286508 416
857.072896 415
858.344294 414
859.131187 413
861.996460 412
862.546964 411
865.222139 410
865.993441 409
874.491837 408
879.929679 407
880.298605 406
880.315140 405
882.425811 404
883.266539 403
884.340130 402
885.354097 401
886.108400 400
887.771507 399
888.278389 398
891.744997 397
892.633091 396
893.282930 395
895.304954 394
896.952523 393
899.548169 392
902.707468 391
903.003318 390
904.155585 389
908.641110 388
908.846892 387
911.108227 386
914.614221 385
915.305802 384
915.763661 383
921.005118 382
921.592552 381
921.826928 380
924.739186 379
927.307407 378
928.898371 377
932.849054 376
934.637251 375
934.787159 374
935.697703 373
937.129910 372
937.763067 371
937.963740 370
941.009911 369
953.578514 368
954.566547 367
954.611731 366
959.715348 365
959.820447 364
960.882451 363
973.046094 362
973.076411 361
979.327765 360
980.101883 359
980.288053 358
983.162467 357
983.647088 356
991.042073 355
992.807634 354
994.182196 353
995.411198 352
996.561428 351
999.442196 350
1000.665988 349
1002.241722 348
1002.625471 347
1003.668017 346
1011.160779 345
1011.718720 344
1014.124641 343
1014.650827 342
1027.716550 341
1031.434852 340
1032.666476 339
1032.761113 338
1033.967215 337
1037.241708 336
1037.848202 335
1038.943682 334
1041.013751 333
1043.562231 332
1044.761018 331
1045.522772 330
1047.757973 329
1049.324602 328
1053.571104 327
1056.149200 326
1060.322243 325
1066.017549 324
1067.434256 323
1069.225590 322
1069.428432 321
1073.848753 320
1076.798086 319
1081.919880 318
1084.802053 317
1088.498505 316
1097.187021 315
1101.670508 314
1109.480772 313
1110.063167 312
1110.569947 311
1111.867214 310
1113.333201 309
1113.610867 308
1116.145114 307
1116.611517 306
1117.338083 305
1123.654228 304
1128.494974 303
1128.949079 302
1132.124347 301
1132.987184 300
1134.351430 299
1135.802677 298
1138.628992 297
1147.180114 296
1147.440273 295
1148.456899 294
1149.884449 293
1150.564830 292
1159.904665 291
1164.421158 290
1164.514504 289
1167.755167 288
1168.993651 287
1171.692296 286
1173.177386 285
1176.542237 284
1177.487302 283
1184.152321 282
1185.977310 281
1188.125292 280
1193.112641 279
1195.480790 278
1199.977619 277
1202.044518 276
1207.879517 275
1209.763790 274
1215.387773 273
1217.198749 272
1223.844761 271
1226.007669 270
1233.534444 269
1234.520373 268
1241.978888 267
1242.526780 266
1257.186966 265
1262.061900 264
1263.418998 263
1268.857272 262
1271.644771 261
1280.352991 260
1281.302512 259
1286.072746 258
1290.630002 257
1294.174676 256
1294.374786 255
1299.245958 254
1302.664968 253
1304.599806 252
1314.934582 251
1315.778536 250
1326.193790 249
1330.114535 248
1331.530703 247
1334.665470 246
1339.721007 245
1345.345609 244
1345.601901 243
1348.403623 242
1370.546321 241
1376.114204 240
1378.605512 239
1379.690632 238
1381.142416 237
1383.352070 236
1389.106910 235
1394.670198 234
1406.663100 233
1413.919480 232
1420.439809 231
1428.586517 230
1434.190167 229
1436.911678 228
1440.106981 227
1443.037551 226
1451.412898 225
1453.963762 224
1455.658307 223
1456.887343 222
1459.823361 221
1476.874938 220
1480.634402 219
1480.912659 218
1494.344563 217
1498.586739 216
1504.016636 215
1504.949936 214
1506.841064 213
1516.284227 212
1517.486831 211
1529.415695 210
1531.177119 209
1536.913905 208
1546.276008 207
1565.230930 206
1573.517784 205
1583.634435 204
1596.536100 203
1605.532166 202
1616.640854 201
1622.234924 200
1635.545488 199
1635.660726 198
1636.552767 197
1643.137350 196
1650.362821 195
1656.658518 194
1661.976028 193
1662.462200 192
1670.130316 191
1682.733644 190
1690.382793 189
1694.612213 188
1698.048380 187
1698.750655 186
1699.636888 185
1704.008485 184
1706.457994 183
1727.881458 182
1730.012601 181
1733.654306 180
1745.392901 179
1752.080815 178
1761.379964 177
1761.792844 176
1773.409407 175
1780.819409 174
1786.786384 173
1790.872698 172
1796.038604 171
1797.644312 170
