0.000000 960
0.137274 959
0.360343 958
0.551100 957
0.930969 956
1.296473 955
2.483296 954
8.033963 953
9.154205 952
9.212834 951
10.266351 950
10.532765 949
11.209763 948
11.363126 947
12.960934 946
13.395356 945
16.853730 944
17.208095 943
17.215251 942
17.681994 941
18.109551 940
21.400705 939
21.711615 938
22.127332 937
26.164611 936
26.953329 935
27.478579 934
28.094120 933
28.229635 932
29.099372 931
30.746058 930
31.356342 929
32.204920 928
33.055082 927
41.375842 926
42.142469 925
42.279417 924
43.724135 923
44.205730 922
45.553906 921
46.971597 920
47.153800 919
49.388725 918
49.395922 917
50.193533 916
51.696846 915
52.589329 914
58.902231 913
60.874502 912
63.422855 911
63.824227 910
64.625722 909
65.008746 908
65.369925 907
66.950478 906
67.399857 905
69.070378 904
69.480330 903
69.637320 902
70.463207 901
71.105365 900
71.959705 899
72.689368 898
74.120439 897
74.695978 896
74.933661 895
76.061486 894
76.341812 893
78.762730 892
79.296227 891
80.680715 890
80.869227 889
81.237116 888
84.345172 887
84.444820 886
90.352206 885
92.351618 884
92.870503 883
93.270003 882
94.066756 881
94.156174 880
94.944211 879
97.784744 878
98.624240 877
99.373809 876
99.675238 875
100.935749 874
102.477141 873
104.475581 872
105.094846 871
105.362136 870
105.858915 869
106.960793 868
108.556452 867
108.972877 866
109.020463 865
109.303201 864
109.603274 863
110.293511 862
110.478146 861
110.627295 860
112.438451 859
113.186780 858
114.365467 857
115.080423 856
115.186588 855
117.938943 854
118.243719 853
121.144245 852
121.297925 851
122.350863 850
122.651878 849
123.994486 848
124.019732 847
124.462666 846
127.031032 845
127.930120 844
128.679930 843
131.860058 842
132.424030 841
133.035298 840
133.349549 839
133.981414 838
134.262020 837
136.196644 836
139.597396 835
140.070197 834
143.325907 833
143.855887 832
144.404386 831
144.508786 830
144.567735 829
145.895763 828
145.988228 827
146.022788 826
146.758005 825
147.538080 824
147.884059 823
148.498005 822
151.479563 821
151.617211 820
151.808862 819
152.900302 818
152.972346 817
153.887408 816
154.502577 815
158.361688 814
158.685795 813
159.920839 812
164.605297 811
164.985051 810
165.011494 809
165.319227 808
166.204588 807
166.614587 806
167.088123 805
167.477950 804
168.129063 803
169.707934 802
170.528035 801
170.963901 800
171.348991 799
171.937681 798
173.867590 797
174.685912 796
178.239670 795
179.118302 794
179.969867 793
182.024326 792
182.274437 791
188.139265 790
189.380460 789
189.664165 788
190.890248 787
191.044732 786
191.429036 785
193.631484 784
194.677629 783
194.680196 782
194.870123 781
195.769772 780
196.152016 779
197.022699 778
198.897748 777
201.513585 776
201.765609 775
202.675910 774
202.708148 773
204.296002 772
207.324180 771
207.923516 770
208.180207 769
212.154584 768
216.867785 767
220.714928 766
222.481625 765
222.794885 764
223.790639 763
228.599920 762
229.255946 761
230.835316 760
234.351979 759
237.002786 758
237.626520 757
239.446124 756
239.915060 755
241.003565 754
241.934240 753
242.978859 752
243.632493 751
245.293840 750
246.815140 749
247.042500 748
247.769125 747
253.514467 746
256.705066 745
257.264839 744
257.693940 743
258.295741 742
259.872538 741
260.029536 740
261.445809 739
261.944200 738
262.916607 737
264.050606 736
264.776515 735
266.552378 734
266.669650 733
266.996595 732
269.470242 731
273.273771 730
274.310116 729
274.664788 728
275.651910 727
279.160094 726
281.043034 725
282.120986 724
282.124152 723
283.000267 722
283.215248 721
285.097582 720
285.452216 719
288.427666 718
288.590973 717
289.758741 716
291.672282 715
292.862567 714
296.237995 713
299.200717 712
299.508375 711
301.874891 710
302.406816 709
307.599559 708
308.864812 707
309.079203 706
309.214821 705
309.427336 704
310.417350 703
311.434736 702
312.556845 701
312.934454 700
313.546984 699
313.987025 698
316.672924 697
316.803465 696
320.080063 695
320.460013 694
324.041776 693
325.180642 692
325.368559 691
327.499137 690
327.566102 689
327.964956 688
328.667716 687
329.613281 686
329.943584 685
331.494108 684
333.731551 683
334.075896 682
334.536806 681
335.267997 680
335.996021 679
336.831993 678
340.158587 677
341.766197 676
342.167786 675
343.640502 674
347.080530 673
347.744736 672
347.767190 671
347.834669 670
350.745537 669
350.795143 668
355.187441 667
356.101294 666
357.238125 665
357.788223 664
360.048214 663
360.745223 662
364.057528 661
366.690591 660
366.859331 659
367.572333 658
368.051662 657
369.315931 656
370.752126 655
371.639264 654
375.554710 653
375.822109 652
376.112718 651
376.973197 650
377.620983 649
380.009151 648
380.408715 647
380.482339 646
380.712119 645
382.439149 644
382.772695 643
385.834909 642
386.173990 641
386.324270 640
386.689745 639
388.506532 638
388.928434 637
390.820969 636
391.036162 635
391.221905 634
391.544853 633
392.551235 632
392.927555 631
393.851284 630
393.992269 629
396.157006 628
397.457134 627
403.037869 626
404.343290 625
404.988788 624
411.023523 623
421.273280 622
424.566268 621
429.248542 620
430.681014 619
431.585047 618
431.612736 617
431.719947 616
431.791560 615
433.744122 614
441.428147 613
441.823084 612
444.730520 611
448.001135 610
449.261254 609
450.681482 608
451.254590 607
452.326811 606
452.683182 605
455.232871 604
455.423252 603
456.936678 602
457.217985 601
463.382776 600
467.449168 599
472.827344 598
473.814277 597
478.376924 596
479.948028 595
484.537462 594
486.235676 593
486.698616 592
487.170252 591
487.946450 590
489.468981 589
490.761380 588
490.953852 587
493.002657 586
494.476019 585
494.632420 584
494.704720 583
495.306727 582
499.973557 581
501.991289 580
504.869560 579
506.954184 578
507.888490 577
512.097114 576
512.308092 575
513.191974 574
516.707741 573
517.039564 572
522.761209 571
523.133703 570
527.116662 569
527.520793 568
531.458553 567
533.325062 566
536.821561 565
542.938976 564
548.439892 563
549.305800 562
553.477738 561
555.379385 560
556.016671 559
556.290383 558
557.266532 557
559.987812 556
561.407904 555
562.809777 554
563.503269 553
564.206564 552
566.746345 551
566.809612 550
569.980610 549
572.139468 548
572.591311 547
573.907999 546
576.112888 545
576.311610 544
578.181503 543
578.460058 542
581.348382 541
582.139559 540
583.713019 539
584.246556 538
584.377118 537
585.206860 536
585.484055 535
585.764062 534
586.122049 533
587.667893 532
592.564979 531
592.976311 530
594.223790 529
595.530771 528
596.293089 527
596.375499 526
599.598523 525
602.466287 524
603.566117 523
606.446669 522
607.419331 521
607.915465 520
608.346355 519
614.737291 518
614.837960 517
615.507533 516
617.953977 515
620.322179 514
624.827617 513
626.209439 512
626.312946 511
626.758649 510
627.237610 509
627.510149 508
628.507992 507
629.087411 506
630.578503 505
631.769106 504
632.809052 503
634.191491 502
634.221653 501
637.239444 500
638.890961 499
640.379644 498
643.102603 497
648.277594 496
650.113164 495
651.300508 494
651.599042 493
653.522065 492
653.838176 491
659.444671 490
661.634518 489
662.349464 488
666.831491 487
672.615111 486
673.634229 485
676.240448 484
676.756935 483
676.795726 482
677.098682 481
678.973576 480
680.452999 479
680.668424 478
684.267594 477
690.658157 476
693.387853 475
693.388853 474
693.467930 473
695.300405 472
697.113341 471
697.469733 470
697.889528 469
704.615708 468
711.201462 467
711.738573 466
712.257842 465
715.820180 464
718.980894 463
719.372317 462
720.226629 461
722.024650 460
732.889964 459
733.020606 458
734.645526 457
735.579643 456
735.608178 455
737.613342 454
737.874337 453
739.724219 452
741.441277 451
743.126733 450
743.441210 449
743.977005 448
745.028382 447
750.006805 446
754.348281 445
754.906171 444
756.869938 443
759.899381 442
762.875225 441
765.001353 440
766.177817 439
769.340025 438
775.828308 437
776.791088 436
777.312390 435
777.854214 434
782.777001 433
783.430988 432
785.543103 431
792.684866 430
793.736254 429
797.334395 428
797.960369 427
799.736198 426
802.387331 425
808.274305 424
808.275014 423
809.160732 422
813.087356 421
814.070499 420
814.249947 419
817.198511 418
820.976907 417
828.862013 416
830.339343 415
830.987756 414
832.216173 413
837.929015 412
839.571324 411
841.732504 410
845.254688 409
845.950504 408
847.728139 407
848.140926 406
860.706744 405
861.503836 404
861.511121 403
861.563320 402
861.764691 401
866.990982 400
868.321199 399
872.719507 398
872.967803 397
877.979522 396
878.118135 395
878.604514 394
880.780329 393
892.844108 392
893.740764 391
912.491868 390
919.673905 389
920.404832 388
924.427137 387
925.133536 386
925.402641 385
938.604411 384
939.213410 383
942.356332 382
953.471043 381
953.738589 380
959.239191 379
969.434544 378
971.494699 377
983.447851 376
984.560426 375
985.118817 374
988.968361 373
989.144401 372
993.083409 371
994.542329 370
996.461872 369
997.284188 368
998.722439 367
1000.489702 366
1003.262898 365
1003.956256 364
1004.896692 363
1006.656011 362
1007.659704 361
1010.554095 360
1013.263302 359
1013.714999 358
1020.016966 357
1022.047474 356
1023.195887 355
1023.650667 354
1031.573556 353
1033.268606 352
1033.279633 351
1037.630387 350
1042.766025 349
1044.314017 348
1047.814123 347
1047.846783 346
1049.162850 345
1049.590247 344
1055.024145 343
1058.508111 342
1058.812435 341
1062.430314 340
1064.706153 339
1065.073691 338
1065.429116 337
1067.983136 336
1068.194151 335
1073.833232 334
1086.807028 333
1091.079641 332
1092.637552 331
1095.561392 330
1096.975214 329
1097.263535 328
1106.024111 327
1108.577871 326
1109.227592 325
1111.843286 324
1111.943485 323
1113.111158 322
1113.531747 321
1113.852259 320
1114.170420 319
1116.966100 318
1118.890745 317
1125.337179 316
1127.540206 315
1128.307028 314
1131.027418 313
1136.180481 312
1136.964658 311
1137.769933 310
1139.279585 309
1140.121462 308
1147.372103 307
1152.569044 306
1153.566416 305
1156.492300 304
1159.170835 303
1160.476845 302
1163.173358 301
1164.291343 300
1164.389648 299
1165.242499 298
1165.952107 297
1165.994587 296
1170.764333 295
1175.441026 294
1179.074359 293
1186.518788 292
1187.040711 291
1187.074195 290
1187.698931 289
1191.355694 288
1193.739116 287
1202.709532 286
1205.437507 285
1212.725768 284
1216.732717 283
1221.308836 282
1229.544821 281
1232.382017 280
1232.694203 279
1232.700656 278
1235.495057 277
1254.842447 276
1259.777266 275
1259.873503 274
1262.915251 273
1263.641232 272
1265.548281 271
1267.417124 270
1269.835948 269
1273.881345 268
1300.739516 267
1301.968796 266
1302.614377 265
1318.074936 264
1319.030986 263
1322.994743 262
1326.838067 261
1330.013538 260
1330.160767 259
1342.173913 258
1343.371994 257
1344.776817 256
1349.881872 255
1355.165821 254
1358.028964 253
1363.405317 252
1369.415504 251
1370.212530 250
1381.763555 249
1382.181439 248
1385.674396 247
1387.104885 246
1392.918132 245
1394.953732 244
1396.678087 243
1400.633271 242
1407.165220 241
1416.802615 240
1425.556548 239
1426.293060 238
1435.188893 237
1435.335496 236
1436.492992 235
1437.946969 234
1446.150520 233
1448.457525 232
1459.109809 231
1460.919954 230
1461.193030 229
1470.174573 228
1471.273829 227
1477.875259 226
1482.096696 225
1483.445134 224
1483.808691 223
1485.426120 222
1487.126813 221
1488.583683 220
1492.809843 219
1494.946806 218
1496.581787 217
1499.914564 216
1500.342124 215
1502.533032 214
1504.684701 213
1506.648086 212
1522.605953 211
1530.831133 210
1530.989505 209
1532.011433 208
1535.670921 207
1536.854035 206
1553.257258 205
1558.995907 204
1561.138709 203
1562.404713 202
1565.752742 201
1569.027028 200
1577.852207 199
1578.214380 198
1585.269721 197
1592.330655 196
1611.997770 195
1615.384065 194
1619.095998 193
1638.023785 192
1639.270238 191
1639.296064 190
1658.220153 189
1660.539237 188
1661.073212 187
1662.113117 186
1662.914725 185
1667.354462 184
1671.375460 183
1675.863912 182
1680.412735 181
1682.278677 180
1687.361765 179
1687.602821 178
1689.967366 177
1690.352898 176
1692.404159 175
1692.661157 174
1694.771526 173
1697.820733 172
1708.256164 171
1709.790151 170
1710.088265 169
1712.788603 168
1716.479356 167
1723.403252 166
1736.878218 165
1747.180762 164
1749.070383 163
1753.388037 162
1753.512129 161
1757.342646 160
1762.576461 159
1764.009515 158
1765.457041 157
1783.235347 156
1790.209142 155
1795.403755 154
1796.718388 153
1816.447807 152
1818.004387 151
1828.314008 150
1835.058340 149
1845.407675 148
1846.439283 147
1848.741420 146
1851.413327 145
1851.685538 144
1854.197054 143
1856.853265 142
1868.572687 141
1878.386204 140
1884.966038 139
1885.837024 138
1888.994078 137
1894.187795 136
1897.573675 135
1909.368859 134
1909.857480 133
1920.339879 132
1931.384779 131
1953.740045 130
1993.077382 129
2004.595921 128
2025.276242 127
2038.749523 126
2053.683152 125
2057.732513 124
2066.316885 123
2071.059976 122
2075.492751 121
2076.073205 120
2083.116071 119
2104.399534 118
2106.104592 117
2115.281095 116
2129.940735 115
2138.063341 114
2147.535254 113
2152.408588 112
2167.219370 111
2172.978378 110
2180.411288 109
2184.680493 108
2190.136606 107
2199.998124 106
2211.732596 105
2228.748235 104
2236.570977 103
2287.280874 102
2293.853813 101
2309.293411 100
2326.078186 99
2336.762797 98
2344.609124 97
2346.963580 96
2351.229598 95
2360.022465 94
2364.362890 93
2369.712451 92
2371.411222 91
2377.854937 90
2385.902451 89
2392.924196 88
2413.982490 87
2441.537525 86
2444.022396 85
2445.413003 84
2467.276588 83
2472.305325 82
2501.203547 81
2507.119659 80
2509.800991 79
2524.682343 78
2526.332018 77
2540.958893 76
2562.968320 75
2579.630288 74
2588.021022 73
2621.381537 72
2628.839692 71
2631.815667 70
2638.382542 69
2646.608839 68
2657.489464 67
2679.571904 66
2751.557285 65
2774.596236 64
2774.805824 63
2783.355782 62
2802.206586 61
2814.488863 60
2843.693851 59
2852.631359 58
2853.512593 57
2880.058954 56
2894.993229 55
2905.806483 54
2907.955752 53
2923.980066 52
2940.932561 51
2979.120647 50
3021.303622 49
3180.584225 48
3214.350977 47
3218.969327 46
3240.247131 45
3250.671018 44
3293.143691 43
3295.361260 42
3297.948457 41
3300.910856 40
3339.569584 39
3342.568415 38
3343.215674 37
3393.695930 36
3400.589572 35
3417.941604 34
3425.786570 33
3459.235992 32
3467.649890 31
3477.075796 30
3502.410617 29
3512.072817 28
3512.139728 27
3562.906698 26
3588.495434 25
3648.039658 24
3650.649121 23
3690.343296 22
3700.034443 21
3730.629695 20
3737.842250 19
3749.734710 18
3774.040986 17
3840.050400 16
3846.890386 15
3973.930629 14
4019.615589 13
4177.030422 12
4192.722957 11
4219.063083 10
4296.736249 9
4360.269948 8
4381.643213 7
4390.352853 6
4508.066872 5
4566.894147 4
4748.170415 3
5006.629643 2
5661.860156 1
6428.365068 0
