0.000000 960
0.207473 959
0.741340 958
2.050773 957
2.551256 956
2.624113 955
3.917529 954
4.309651 953
5.628157 952
6.455521 951
7.185625 950
7.208038 949
7.934482 948
9.691745 947
9.986160 946
10.637016 945
10.651239 944
11.486963 943
12.474483 942
15.439947 941
15.789523 940
16.496277 939
17.000491 938
18.300694 937
19.435004 936
19.916287 935
19.968832 934
20.055537 933
20.533664 932
22.838158 931
23.803791 930
24.093720 929
24.802757 928
26.168547 927
26.288946 926
27.161789 925
27.985289 924
29.089992 923
29.139897 922
31.017407 921
31.787782 920
32.590078 919
35.387228 918
35.445077 917
37.365450 916
37.369380 915
39.382423 914
40.293289 913
40.384701 912
42.785446 911
43.375237 910
43.390795 909
44.092434 908
44.106382 907
45.367278 906
47.174225 905
47.423055 904
49.520687 903
53.388511 902
56.135325 901
56.520701 900
56.753802 899
56.955248 898
57.335485 897
58.382174 896
59.168356 895
60.799255 894
61.563115 893
62.454823 892
62.789086 891
63.031673 890
63.888232 889
64.528725 888
65.996514 887
69.103394 886
71.494707 885
72.704624 884
73.076691 883
73.279547 882
73.287928 881
73.532869 880
76.725351 879
78.075290 878
78.945305 877
79.333875 876
79.430262 875
80.163356 874
80.386163 873
80.882112 872
82.565197 871
83.300015 870
83.454502 869
86.049092 868
86.460247 867
87.159825 866
89.076505 865
92.186574 864
95.984429 863
96.974419 862
97.022271 861
97.931238 860
98.311968 859
99.517061 858
100.463092 857
101.758107 856
104.970832 855
106.787020 854
106.991006 853
107.470107 852
108.276695 851
110.776749 850
112.270369 849
114.001603 848
117.198402 847
125.180052 846
126.116727 845
126.779138 844
127.130668 843
127.451126 842
128.160170 841
128.409342 840
128.574778 839
129.152088 838
130.207523 837
131.990194 836
133.679565 835
134.971345 834
135.687302 833
136.397607 832
136.494350 831
137.242130 830
138.743390 829
139.302852 828
139.496076 827
140.410915 826
140.820583 825
145.072169 824
146.669668 823
147.687917 822
148.086029 821
149.589885 820
149.625964 819
150.813492 818
152.208520 817
153.487191 816
154.050724 815
156.883141 814
157.235371 813
159.109040 812
160.896792 811
163.504318 810
165.184744 809
166.189126 808
167.075646 807
167.340824 806
168.291582 805
170.615685 804
171.815655 803
172.008687 802
174.808855 801
175.353650 800
176.597381 799
176.660375 798
177.321505 797
178.989000 796
180.607765 795
181.094153 794
184.097748 793
186.837360 792
187.006561 791
187.367283 790
188.130666 789
188.419043 788
189.576911 787
194.459076 786
197.156291 785
197.573991 784
197.660286 783
198.425005 782
199.708477 781
200.526015 780
202.510026 779
202.529727 778
203.537090 777
205.309242 776
206.473512 775
208.375421 774
212.122895 773
214.927185 772
215.680338 771
219.363668 770
221.218702 769
221.384192 768
224.192619 767
226.489720 766
226.840912 765
230.980272 764
235.042785 763
235.229773 762
239.497782 761
239.538656 760
241.576855 759
244.837114 758
250.348543 757
251.875482 756
252.583798 755
254.043563 754
255.031928 753
258.205277 752
259.961464 751
260.217108 750
261.280449 749
263.241262 748
264.368453 747
265.848664 746
268.652453 745
271.833515 744
272.371198 743
272.601110 742
275.221166 741
276.219298 740
278.344882 739
279.812597 738
279.996505 737
281.730684 736
282.411499 735
282.597798 734
283.293294 733
284.424118 732
286.901362 731
287.741204 730
288.622850 729
293.337165 728
293.427272 727
294.573292 726
294.772142 725
296.078192 724
299.326234 723
299.834854 722
302.779178 721
307.067215 720
309.200257 719
309.892507 718
310.863441 717
312.013691 716
312.074438 715
312.103655 714
312.684584 713
313.645332 712
314.025825 711
314.253827 710
314.303924 709
314.441512 708
316.749131 707
317.413189 706
318.268560 705
319.323194 704
320.316693 703
320.670874 702
320.890074 701
321.697400 700
322.175828 699
323.137526 698
325.597368 697
326.566707 696
329.715182 695
329.745628 694
330.968872 693
332.096079 692
334.665623 691
335.889142 690
336.046449 689
337.517498 688
343.707067 687
343.867412 686
345.784988 685
347.010776 684
349.309511 683
354.095251 682
354.306605 681
355.429832 680
359.762781 679
363.294734 678
363.581759 677
363.781202 676
365.791333 675
367.901888 674
370.810803 673
372.056693 672
375.135875 671
379.891365 670
380.061812 669
383.358440 668
383.469332 667
384.997929 666
385.969400 665
388.754727 664
391.032726 663
393.306134 662
394.222837 661
396.317632 660
396.340977 659
397.547368 658
398.192509 657
400.664241 656
404.560587 655
405.019757 654
405.448778 653
406.333014 652
409.562966 651
409.597433 650
410.589426 649
411.121712 648
411.273273 647
411.843810 646
415.578192 645
420.377180 644
421.474079 643
422.305264 642
423.745828 641
427.499388 640
429.454611 639
429.685218 638
430.385964 637
432.395868 636
433.868215 635
435.094095 634
437.609310 633
437.637582 632
440.122841 631
440.828496 630
441.523817 629
442.675396 628
443.808301 627
444.641707 626
447.077974 625
448.448699 624
450.415044 623
450.469817 622
450.946717 621
456.741179 620
458.737387 619
459.856383 618
460.088542 617
461.118520 616
464.335630 615
465.394736 614
467.200890 613
468.845157 612
468.856689 611
473.085913 610
477.445895 609
477.964884 608
478.833079 607
480.277809 606
480.624820 605
482.512381 604
482.966653 603
484.126556 602
484.768811 601
484.902886 600
491.302066 599
492.580941 598
493.263824 597
494.891588 596
495.575239 595
499.890054 594
501.098362 593
505.088100 592
508.588134 591
509.057518 590
516.228675 589
516.455386 588
517.221760 587
521.521284 586
524.759603 585
526.200696 584
527.592623 583
529.303785 582
530.351750 581
531.811994 580
532.494983 579
533.976254 578
534.596333 577
534.713700 576
539.637011 575
540.097415 574
543.676960 573
544.530542 572
546.489217 571
547.064244 570
547.306842 569
547.397627 568
550.592187 567
555.915140 566
557.952134 565
563.293302 564
564.391343 563
564.524478 562
564.527941 561
565.532016 560
565.686411 559
566.389704 558
569.158383 557
569.763800 556
572.335153 555
573.038290 554
573.413650 553
574.019201 552
574.183967 551
575.690086 550
576.603434 549
577.648004 548
582.565338 547
584.100485 546
585.161182 545
585.784268 544
586.839170 543
587.057792 542
587.410050 541
592.387030 540
594.835517 539
598.373168 538
598.572618 537
600.401317 536
601.324506 535
603.465519 534
605.497400 533
606.781121 532
607.418664 531
610.843559 530
612.448251 529
613.910167 528
618.107932 527
619.976707 526
623.360303 525
625.637625 524
629.828297 523
632.636544 522
633.212109 521
633.776325 520
637.200468 519
640.495106 518
644.089249 517
652.959230 516
653.143068 515
654.225969 514
657.276288 513
658.043213 512
659.262676 511
660.307068 510
660.966619 509
663.153480 508
664.690359 507
667.101126 506
667.174417 505
667.427680 504
669.831912 503
673.346579 502
673.484992 501
675.934127 500
677.348426 499
677.920235 498
679.201259 497
680.452437 496
682.145200 495
685.683075 494
686.024322 493
686.185146 492
686.403093 491
688.134261 490
691.827633 489
692.540708 488
695.939770 487
698.335206 486
698.668469 485
699.211724 484
706.267068 483
706.785397 482
708.130510 481
708.546634 480
710.463179 479
711.159090 478
712.558747 477
716.443606 476
717.693110 475
719.661248 474
719.964223 473
723.348183 472
724.746244 471
725.356260 470
726.627722 469
728.316251 468
728.539140 467
730.165108 466
734.512797 465
734.538020 464
736.884086 463
737.296825 462
740.722742 461
742.450782 460
758.236706 459
758.872548 458
759.072561 457
763.528759 456
764.364066 455
764.733954 454
766.091991 453
766.571728 452
768.068882 451
772.105680 450
772.349332 449
773.310237 448
774.683686 447
778.834490 446
780.161116 445
783.039407 444
784.528839 443
786.736911 442
786.987907 441
788.586165 440
789.632152 439
790.003627 438
790.615579 437
792.154963 436
792.679637 435
795.724193 434
796.824506 433
796.942174 432
798.469427 431
803.448792 430
805.597956 429
806.082356 428
806.831312 427
809.909288 426
813.636743 425
817.348374 424
821.453414 423
824.452567 422
826.631842 421
827.539807 420
828.898002 419
831.091247 418
831.359128 417
832.005560 416
833.086947 415
833.610792 414
834.295932 413
834.565724 412
837.846606 411
838.499206 410
838.961661 409
839.258760 408
840.202644 407
840.348756 406
844.446593 405
848.792102 404
849.021541 403
852.551574 402
853.064317 401
859.510645 400
862.674866 399
865.281949 398
868.524324 397
868.625980 396
869.670152 395
870.869451 394
871.640797 393
878.431582 392
880.063583 391
880.434765 390
880.907879 389
882.321930 388
887.002428 387
887.795974 386
890.178399 385
890.316193 384
890.681460 383
891.252886 382
892.095138 381
893.550599 380
895.494783 379
895.979345 378
896.299967 377
897.744289 376
902.173524 375
902.877157 374
903.306922 373
905.239232 372
905.747130 371
908.072542 370
908.256314 369
909.572290 368
911.141918 367
916.075958 366
918.110502 365
920.421177 364
934.746145 363
936.094726 362
944.182993 361
946.428279 360
950.114901 359
950.524433 358
953.238590 357
955.271506 356
955.611994 355
957.367050 354
967.202762 353
974.228103 352
974.931844 351
975.841844 350
976.061044 349
979.236937 348
979.996667 347
982.184765 346
983.400644 345
983.454489 344
985.259664 343
985.673457 342
985.889640 341
986.785604 340
986.992293 339
991.114370 338
993.257275 337
993.319416 336
995.553895 335
996.817763 334
997.536096 333
997.844155 332
1002.933783 331
1003.458357 330
1005.710185 329
1005.920578 328
1008.754082 327
1010.808592 326
1011.776685 325
1030.044415 324
1047.305915 323
1049.466138 322
1051.505211 321
1055.400006 320
1056.706464 319
1059.102309 318
1066.344436 317
1067.901926 316
1070.572663 315
1072.625395 314
1076.728667 313
1082.239677 312
1082.745941 311
1084.750898 310
1088.684509 309
1091.963980 308
1095.669303 307
1098.847272 306
1101.836417 305
1112.628676 304
1113.501065 303
1125.644804 302
1129.001452 301
1134.259070 300
1139.491960 299
1147.250806 298
1148.294482 297
1149.355691 296
1151.714696 295
1152.530142 294
1152.737729 293
1155.605832 292
1156.316143 291
1157.265726 290
1163.931365 289
1164.513901 288
1167.564344 287
1170.945742 286
1173.150195 285
1182.252474 284
1182.799924 283
1183.422011 282
1186.315057 281
1197.084466 280
1198.340102 279
1207.760649 278
1209.091052 277
1210.086172 276
1210.453022 275
1217.775826 274
1219.319575 273
1221.782810 272
1228.941231 271
1230.972723 270
1231.399853 269
1234.717533 268
1241.401711 267
1242.451546 266
1244.399862 265
1245.485021 264
1246.806466 263
1252.577626 262
1254.030417 261
1258.860899 260
1263.355599 259
1267.592368 258
1270.463629 257
1275.705239 256
1279.356532 255
1281.486470 254
1290.150734 253
1290.342211 252
1296.025170 251
1298.931077 250
1310.246362 249
1311.215629 248
1312.737114 247
1313.175389 246
1314.755307 245
1320.232754 244
1320.917997 243
1327.448392 242
1338.362508 241
1341.663915 240
1347.854346 239
1350.219482 238
1355.463785 237
1357.187290 236
1361.823681 235
1362.313531 234
1363.354518 233
1363.524575 232
1367.139365 231
1369.940762 230
1380.913440 229
1393.763831 228
1428.653131 227
1432.413011 226
1432.517952 225
1433.864328 224
1436.397113 223
1466.572516 222
1466.821571 221
1472.189512 220
1481.453757 219
1484.273451 218
1494.788711 217
1496.290735 216
1497.198058 215
1501.279532 214
1510.342449 213
1512.823140 212
1528.746226 211
1533.446853 210
1534.092128 209
1534.229700 208
1537.982694 207
1551.321756 206
1555.398467 205
1555.585319 204
1569.231296 203
1576.616505 202
1581.729337 201
1585.058014 200
1592.137740 199
1599.841209 198
1600.865305 197
1601.121543 196
1611.530894 195
1621.917809 194
1629.056168 193
1634.256964 192
1640.234447 191
1648.867671 190
1649.318873 189
1652.024932 188
1661.380009 187
1661.828410 186
1664.407462 185
1673.817611 184
1674.090438 183
1674.624026 182
1681.115795 181
1685.404933 180
1687.598929 179
1688.926768 178
1690.580531 177
1692.789373 176
1695.394040 175
1697.574632 174
1704.271363 173
1705.351309 172
1715.359899 171
1716.450947 170
1722.362376 169
1724.419001 168
1728.778625 167
1734.684588 166
1735.452161 165
1747.012436 164
1749.361216 163
1753.296048 162
1755.507214 161
1756.009023 160
1761.172911 159
1766.090742 158
1776.383798 157
1784.783614 156
1786.495903 155
1788.401707 154
1804.819630 153
1810.336422 152
1825.666999 151
1826.103357 150
1831.889715 149
1832.317971 148
1834.973599 147
1835.516705 146
1844.919285 145
1852.060414 144
1856.329060 143
1867.309249 142
1868.269394 141
1872.801713 140
1874.098187 139
1874.659155 138
1878.262588 137
1879.999859 136
1884.137905 135
1892.348086 134
1898.532982 133
1898.579267 132
1901.201320 131
1912.425494 130
1926.462395 129
1929.001038 128
1948.286228 127
1954.410206 126
1958.009813 125
1959.982208 124
1961.076078 123
1975.210339 122
1981.897456 121
1993.868957 120
2005.957776 119
2006.305521 118
2022.804330 117
2030.643671 116
2038.871232 115
2051.786822 114
2073.982823 113
2082.374309 112
2083.624916 111
2102.405949 110
2103.311828 109
2104.427126 108
2116.712636 107
2146.351193 106
2147.510627 105
2157.074592 104
2174.971428 103
2192.008724 102
2196.549177 101
2209.471021 100
2220.721135 99
2227.334620 98
2235.442743 97
2252.817439 96
2256.673699 95
2262.768395 94
2270.355170 93
2271.869313 92
2273.037551 91
2274.145327 90
2282.210497 89
2296.543405 88
2298.207260 87
2303.675840 86
2306.266054 85
2323.455886 84
2325.372407 83
2325.972502 82
2329.545174 81
2348.431334 80
2355.689311 79
2364.134014 78
2374.813678 77
2380.415255 76
2389.798876 75
2391.774291 74
2394.803242 73
2395.365813 72
2412.951923 71
2413.048043 70
2415.292417 69
2471.636803 68
2487.715259 67
2506.894900 66
2520.497267 65
2526.890244 64
2528.330988 63
2533.023736 62
2534.941013 61
2546.376449 60
2555.814664 59
2561.235433 58
2561.411333 57
2570.338561 56
2571.216009 55
2575.704973 54
2639.991800 53
2692.517775 52
2693.494809 51
2699.174872 50
2728.507760 49
2732.905099 48
2733.555851 47
2770.030646 46
2782.339526 45
2814.736585 44
2846.104541 43
2854.079181 42
2866.666246 41
2882.517550 40
2899.803198 39
2943.000056 38
3011.557272 37
3027.212368 36
3027.958699 35
3056.100264 34
3106.105827 33
3123.305085 32
3166.782917 31
3193.574045 30
3213.550731 29
3218.967584 28
3259.300312 27
3320.400717 26
3324.772772 25
3367.523705 24
3408.959743 23
3437.667172 22
3458.674221 21
3469.742716 20
3485.044892 19
3513.903367 18
3526.700811 17
3552.078372 16
3589.453494 15
3641.149770 14
3657.911794 13
3689.181859 12
3721.344948 11
3903.760623 10
4011.477026 9
4144.301071 8
4211.201541 7
4296.154677 6
4632.992576 5
4951.867478 4
4964.968755 3
5318.934417 2
6713.680663 1
7676.250357 0
