0.000000 960
1.258548 959
1.424115 958
3.407575 957
3.891362 956
4.914060 955
4.926590 954
4.998465 953
5.858991 952
6.318497 951
6.766788 950
6.872564 949
8.629530 948
9.311503 947
9.558332 946
9.665589 945
10.786696 944
12.622147 943
13.594020 942
15.120960 941
15.684139 940
16.587098 939
20.986066 938
21.290239 937
22.241241 936
22.334032 935
22.720932 934
23.303796 933
23.371983 932
24.149444 931
26.919899 930
27.116484 929
28.601433 928
30.354775 927
34.470616 926
37.201958 925
37.696361 924
38.105899 923
38.655700 922
41.380071 921
42.120834 920
42.853416 919
43.659372 918
46.131834 917
47.087010 916
47.109554 915
47.469814 914
49.297954 913
50.349221 912
50.650468 911
50.681227 910
51.636273 909
51.979454 908
52.300146 907
52.363814 906
54.181199 905
56.154568 904
56.750500 903
57.666801 902
58.169670 901
60.113113 900
62.413011 899
63.071629 898
63.719205 897
64.272475 896
65.303296 895
66.814216 894
67.035750 893
68.244010 892
68.436887 891
68.947202 890
70.246246 889
71.871642 888
72.231362 887
72.776529 886
73.384546 885
75.622450 884
75.625613 883
76.043957 882
76.387721 881
76.521015 880
77.165174 879
79.186799 878
79.331836 877
79.757154 876
81.041891 875
81.983544 874
82.313066 873
83.949273 872
84.875659 871
86.599547 870
87.315596 869
89.273295 868
89.669376 867
92.205545 866
92.923060 865
95.604915 864
97.037238 863
98.104369 862
98.592758 861
99.261981 860
99.504899 859
101.418025 858
102.335671 857
104.953489 856
105.016628 855
106.071117 854
107.472908 853
109.546684 852
112.028514 851
112.075709 850
113.458083 849
114.436722 848
114.563186 847
115.313365 846
116.060712 845
118.278037 844
120.521330 843
122.040091 842
122.233607 841
126.321824 840
126.865930 839
127.045408 838
131.228642 837
132.200848 836
132.430643 835
134.425082 834
135.264386 833
137.630090 832
138.326350 831
138.989373 830
139.542962 829
141.280348 828
142.680647 827
143.364890 826
146.201253 825
146.820436 824
147.234442 823
147.594376 822
148.249263 821
150.118450 820
151.550456 819
151.578923 818
155.697994 817
156.077726 816
156.285062 815
156.796544 814
157.817687 813
160.885398 812
167.337817 811
169.733762 810
173.240536 809
173.748686 808
175.654868 807
178.304761 806
178.834053 805
179.909212 804
185.150609 803
185.445594 802
185.515459 801
185.671620 800
186.813671 799
187.288940 798
187.736237 797
188.318909 796
189.380716 795
190.100648 794
191.955410 793
195.730503 792
196.224658 791
196.329058 790
197.890219 789
198.354486 788
198.712273 787
199.978322 786
201.248901 785
203.394046 784
203.551167 783
205.707411 782
206.480090 781
210.150563 780
210.164806 779
211.466161 778
211.476209 777
213.243657 776
213.535779 775
214.039808 774
215.308305 773
217.425995 772
217.556192 771
217.945199 770
218.008715 769
221.472560 768
224.830650 767
227.434612 766
231.575064 765
233.317537 764
234.036815 763
234.075018 762
234.379596 761
235.440105 760
236.222893 759
238.304555 758
238.592054 757
240.313788 756
240.411761 755
246.603013 754
251.251862 753
251.367162 752
252.843430 751
253.480845 750
253.794607 749
255.787370 748
258.138113 747
259.758065 746
261.034311 745
264.075681 744
264.341486 743
272.384068 742
277.631925 741
279.924909 740
280.643853 739
283.323186 738
283.787988 737
284.113565 736
284.238731 735
286.397103 734
286.826952 733
286.834404 732
288.147500 731
289.075807 730
289.577430 729
290.266569 728
291.726406 727
293.685111 726
297.021620 725
299.506309 724
302.519435 723
303.290560 722
303.402578 721
306.518551 720
306.953125 719
308.058026 718
310.444963 717
311.668814 716
311.677302 715
315.860954 714
316.006112 713
317.690010 712
318.085056 711
318.800981 710
320.178919 709
320.585139 708
322.259713 707
322.802211 706
324.593522 705
325.305195 704
326.072810 703
326.117339 702
326.326884 701
328.281089 700
329.577168 699
330.994294 698
332.637348 697
333.515373 696
337.487849 695
338.799561 694
343.381559 693
343.544277 692
344.850671 691
345.249902 690
347.097665 689
347.736455 688
349.233673 687
350.509318 686
352.766937 685
354.053241 684
358.384203 683
361.827988 682
362.136882 681
363.082395 680
363.991889 679
364.576079 678
365.996792 677
366.010200 676
366.764582 675
369.301886 674
371.966081 673
372.495960 672
373.599680 671
374.152097 670
375.351322 669
375.611438 668
378.127371 667
380.098656 666
380.999494 665
384.002624 664
385.512887 663
386.478622 662
389.194378 661
389.463865 660
393.683780 659
399.487336 658
399.612189 657
400.489100 656
404.942415 655
406.169684 654
407.069289 653
409.755731 652
410.112942 651
410.448220 650
410.494342 649
412.939107 648
416.787485 647
417.626783 646
417.730319 645
418.364218 644
419.390785 643
420.806213 642
423.385985 641
423.758980 640
426.649761 639
431.403529 638
432.669911 637
432.957753 636
434.108230 635
437.201447 634
438.915211 633
441.375204 632
441.691193 631
442.168356 630
442.369089 629
442.593173 628
442.622355 627
443.029297 626
444.342319 625
444.472031 624
444.589536 623
447.055853 622
449.017343 621
449.182619 620
449.476042 619
453.913031 618
456.152871 617
457.536675 616
458.797710 615
460.067953 614
461.856711 613
464.171995 612
464.676277 611
465.719058 610
466.278636 609
469.110658 608
470.914886 607
470.979708 606
473.910237 605
473.943716 604
475.257648 603
476.042256 602
476.260790 601
476.714262 600
476.882683 599
477.231821 598
480.889650 597
482.949047 596
483.271068 595
484.101492 594
484.689949 593
488.236808 592
491.162616 591
491.311420 590
496.391966 589
496.754872 588
496.824160 587
499.192718 586
499.731137 585
500.096963 584
504.319289 583
505.480134 582
505.720281 581
508.999732 580
509.894012 579
510.208186 578
510.248556 577
511.626612 576
512.451446 575
513.572163 574
514.210798 573
514.635208 572
516.096249 571
516.879292 570
516.919381 569
518.470485 568
520.605901 567
524.958756 566
529.170840 565
532.625617 564
534.244805 563
534.787614 562
541.541191 561
545.138589 560
545.361858 559
547.363053 558
550.673614 557
552.688513 556
553.832850 555
553.907693 554
559.524893 553
560.700041 552
561.020538 551
561.648479 550
562.150417 549
562.190790 548
562.425751 547
567.664532 546
572.785169 545
573.564141 544
574.263632 543
575.146750 542
575.207684 541
576.136225 540
577.223257 539
579.289827 538
583.240358 537
583.973706 536
585.205915 535
585.518259 534
585.804259 533
587.227120 532
587.843781 531
588.549349 530
588.727837 529
589.396236 528
589.571640 527
589.616676 526
591.651596 525
596.857706 524
597.647685 523
599.397187 522
600.553906 521
602.720287 520
603.847163 519
606.385250 518
609.143201 517
609.581292 516
610.540591 515
613.138283 514
614.702411 513
615.437125 512
620.979019 511
621.598777 510
627.062357 509
627.652979 508
628.074676 507
630.203220 506
633.143486 505
633.293268 504
635.630712 503
638.888469 502
639.535599 501
640.569150 500
640.619617 499
641.964327 498
643.543486 497
644.248996 496
645.714695 495
649.184022 494
650.664216 493
653.158975 492
655.923784 491
657.395233 490
659.672683 489
659.731278 488
662.540382 487
664.811139 486
666.172304 485
666.426750 484
667.701325 483
673.035101 482
673.510501 481
674.847328 480
675.475135 479
676.806697 478
679.335513 477
680.440130 476
681.632832 475
681.657282 474
682.403522 473
687.616351 472
687.794456 471
691.872139 470
692.284974 469
693.314619 468
698.400959 467
699.346219 466
699.525209 465
702.592265 464
707.502186 463
708.201101 462
709.476022 461
710.499736 460
711.756909 459
711.858395 458
714.003157 457
714.126673 456
714.142930 455
715.594825 454
715.818556 453
718.050537 452
719.238963 451
722.683946 450
723.652429 449
730.644915 448
730.891417 447
733.266246 446
734.577072 445
738.227857 444
739.861008 443
741.132448 442
742.004667 441
743.912120 440
744.865144 439
745.338136 438
748.465809 437
749.551626 436
751.304210 435
751.391509 434
755.685891 433
759.227220 432
759.407012 431
762.795894 430
763.202092 429
770.377456 428
772.002147 427
772.114184 426
772.227543 425
774.067683 424
775.164115 423
775.190432 422
775.544926 421
775.658924 420
777.869207 419
780.165658 418
780.852322 417
785.929674 416
786.524594 415
788.701907 414
791.216773 413
794.693891 412
795.926867 411
801.312225 410
807.286102 409
808.609338 408
810.372224 407
812.799752 406
813.049952 405
813.254654 404
813.555974 403
816.592283 402
822.363457 401
830.351423 400
833.509029 399
833.524142 398
834.259003 397
835.205502 396
838.808470 395
841.350892 394
842.977751 393
843.002927 392
843.352296 391
848.343753 390
853.233440 389
854.636557 388
857.670284 387
858.137219 386
860.402161 385
860.409986 384
860.965550 383
866.463772 382
867.802962 381
868.121651 380
870.557173 379
871.489506 378
873.280708 377
879.352288 376
881.082764 375
885.014966 374
887.298736 373
888.964799 372
891.847172 371
891.874290 370
892.455643 369
893.341122 368
896.469853 367
898.477429 366
899.846767 365
901.036270 364
901.877961 363
913.221665 362
915.549049 361
923.929025 360
924.590289 359
927.540531 358
928.914465 357
931.603133 356
931.987544 355
933.358309 354
933.538799 353
934.104142 352
935.587316 351
937.072800 350
939.645799 349
944.999665 348
947.161723 347
947.343551 346
948.052605 345
950.060282 344
961.808716 343
962.504209 342
967.617361 341
968.252270 340
971.274041 339
971.290359 338
971.706951 337
974.643463 336
975.709065 335
976.148434 334
979.376495 333
980.111595 332
1007.110335 331
1008.617608 330
1008.987868 329
1012.345836 328
1013.888331 327
1016.985411 326
1027.843243 325
1029.228151 324
1029.408850 323
1030.866042 322
1033.077459 321
1037.374186 320
1042.679831 319
1043.489329 318
1049.849396 317
1056.007934 316
1063.047621 315
1063.414943 314
1064.833529 313
1070.222977 312
1070.582296 311
1079.869754 310
1080.686570 309
1081.217322 308
1083.526590 307
1085.832836 306
1091.238575 305
1091.676134 304
1100.377580 303
1101.959913 302
1107.194198 301
1108.447550 300
1108.805830 299
1110.271523 298
1110.388534 297
1111.293971 296
1115.070797 295
1118.827075 294
1119.655707 293
1122.704608 292
1126.294436 291
1129.967893 290
1133.546623 289
1139.175601 288
1144.466778 287
1149.236520 286
1150.285618 285
1156.307589 284
1165.355950 283
1165.914491 282
1167.819676 281
1180.851689 280
1181.025520 279
1182.831939 278
1183.797915 277
1183.939699 276
1185.747868 275
1189.317092 274
1189.826229 273
1194.063659 272
1199.305614 271
1202.426488 270
1203.613259 269
1206.888076 268
1212.885031 267
1213.109550 266
1218.397203 265
1221.609006 264
1222.732771 263
1224.625537 262
1225.014647 261
1229.034009 260
1235.403707 259
1237.120615 258
1238.282844 257
1243.106878 256
1243.107447 255
1243.724207 254
1245.073934 253
1246.573436 252
1253.686747 251
1261.452125 250
1263.146044 249
1265.575989 248
1285.529342 247
1286.721408 246
1309.757888 245
1309.863362 244
1320.126022 243
1321.705637 242
1327.437792 241
1330.556690 240
1330.943342 239
1333.883943 238
1337.031435 237
1337.836628 236
1340.777195 235
1346.450505 234
1352.001847 233
1352.076459 232
1353.540003 231
1360.576985 230
1362.557395 229
1365.560608 228
1366.462675 227
1366.898574 226
1367.113211 225
1377.098572 224
1377.319695 223
1387.578075 222
1395.838359 221
1397.716113 220
1397.730053 219
1406.774012 218
1409.915118 217
1413.359924 216
1419.144369 215
1425.119964 214
1425.195837 213
1428.468796 212
1433.337663 211
1434.980791 210
1444.874812 209
1447.116467 208
1454.438674 207
1455.360850 206
1459.908466 205
1460.510406 204
1466.860593 203
1470.921858 202
1483.545725 201
1490.892877 200
1490.916689 199
1497.610790 198
1499.303559 197
1509.928660 196
1509.985267 195
1510.946164 194
1511.454969 193
1512.756789 192
1514.766830 191
1514.797534 190
1522.283213 189
1523.529430 188
1530.296433 187
1530.385516 186
1537.821823 185
1544.742356 184
1544.780102 183
1545.996409 182
1552.141210 181
1554.885520 180
1556.984972 179
1564.473716 178
1571.312961 177
1572.131373 176
1577.776762 175
1578.854084 174
1591.509750 173
1592.106915 172
1595.722970 171
1597.830626 170
1598.159796 169
1603.481354 168
1629.735380 167
1644.377745 166
1650.634853 165
1655.125587 164
1670.879929 163
1674.183385 162
1675.020687 161
1682.289086 160
1684.878106 159
1689.164737 158
1693.257364 157
1700.807316 156
1706.199047 155
1731.033219 154
1733.201912 153
1735.225839 152
1745.301589 151
1750.333959 150
1776.456529 149
1782.236964 148
1792.805877 147
1795.654516 146
1799.120115 145
1799.791925 144
