0.000000 1000
0.800432 999
0.858985 998
3.020520 997
3.920812 996
4.097022 995
5.267026 994
6.776821 993
8.393007 992
12.071784 991
12.572435 990
12.985651 989
15.300363 988
15.404748 987
16.018441 986
17.193932 985
18.860721 984
19.530598 983
21.131736 982
21.605149 981
21.684079 980
22.873861 979
24.882861 978
25.107682 977
25.510653 976
25.799044 975
27.825989 974
28.742053 973
29.590189 972
29.609516 971
30.506348 970
31.110319 969
31.146305 968
31.315117 967
34.143715 966
36.387106 965
41.215643 964
41.236867 963
42.353705 962
43.084473 961
43.944142 960
44.226127 959
44.237557 958
45.529162 957
45.838475 956
46.030500 955
47.610397 954
47.618496 953
49.333203 952
49.642499 951
49.842388 950
50.748723 949
54.675697 948
55.166689 947
56.332774 946
56.908211 945
57.423615 944
58.767216 943
58.939991 942
61.348475 941
62.153303 940
62.384575 939
62.555540 938
63.708110 937
64.767941 936
65.280111 935
65.790328 934
69.230653 933
70.260203 932
70.285647 931
70.570687 930
71.800095 929
71.974185 928
73.922675 927
76.121970 926
77.487060 925
78.158883 924
79.321177 923
80.340105 922
81.034114 921
84.155846 920
85.917445 919
87.522145 918
88.862750 917
89.711624 916
89.925951 915
92.161769 914
92.743713 913
93.218195 912
93.965022 911
94.305171 910
95.594425 909
97.098026 908
98.625255 907
99.185050 906
100.570809 905
101.269207 904
101.359954 903
104.207939 902
104.444777 901
109.005116 900
110.896480 899
111.357950 898
114.366271 897
116.337203 896
118.126264 895
118.436011 894
118.716817 893
118.974409 892
119.502220 891
121.611162 890
121.723270 889
122.489056 888
122.524938 887
123.770705 886
125.022388 885
125.492882 884
125.600906 883
125.934981 882
126.241784 881
128.574208 880
130.284589 879
131.384433 878
132.234166 877
134.315906 876
134.987118 875
135.387526 874
136.114027 873
136.286501 872
136.334274 871
136.616520 870
137.366048 869
138.629431 868
138.651534 867
139.993224 866
140.157700 865
140.255157 864
140.524052 863
142.530577 862
143.040026 861
144.864266 860
145.124812 859
145.250312 858
148.538308 857
149.439659 856
149.609520 855
151.153322 854
151.216069 853
152.386053 852
152.787414 851
154.079127 850
154.861899 849
156.572109 848
156.833859 847
160.242297 846
161.134285 845
161.395739 844
161.661151 843
162.104919 842
163.725814 841
164.387472 840
164.611144 839
164.673569 838
167.679495 837
168.696628 836
168.837677 835
169.171056 834
169.261954 833
172.146384 832
173.263686 831
173.503597 830
174.890731 829
174.978571 828
175.511933 827
176.862885 826
176.911878 825
179.025044 824
179.877017 823
180.332874 822
182.085368 821
182.111771 820
182.874602 819
185.133562 818
186.789799 817
187.506137 816
188.611040 815
190.572487 814
190.985075 813
191.938224 812
192.746970 811
194.570061 810
196.347447 809
196.588467 808
196.755302 807
196.769730 806
196.885573 805
198.405515 804
198.414821 803
198.484707 802
205.158681 801
205.555068 800
208.868088 799
211.318775 798
213.431677 797
216.607048 796
217.168163 795
219.298741 794
220.335608 793
221.352026 792
221.563039 791
221.817579 790
223.847536 789
224.381494 788
226.777913 787
228.203229 786
228.809172 785
229.254610 784
229.550535 783
231.611299 782
236.613028 781
236.950157 780
238.041962 779
239.310515 778
245.368470 777
245.888057 776
247.472697 775
253.650197 774
254.120259 773
256.140325 772
256.588745 771
257.683877 770
259.742638 769
259.903138 768
261.303745 767
262.028205 766
262.193756 765
263.446729 764
264.135566 763
265.588847 762
265.836467 761
265.946412 760
269.427129 759
271.249226 758
272.443850 757
277.430125 756
280.743169 755
281.228741 754
281.694040 753
283.149211 752
283.535680 751
285.267765 750
285.803423 749
286.866404 748
288.880177 747
291.522616 746
292.578472 745
295.456808 744
295.782330 743
298.548087 742
299.038791 741
299.115159 740
300.115125 739
300.468773 738
301.279742 737
304.439033 736
305.533603 735
305.573403 734
311.793346 733
313.033211 732
314.773946 731
317.384240 730
318.855349 729
320.297170 728
320.618758 727
320.681279 726
320.684547 725
324.067515 724
324.530112 723
326.895454 722
328.215969 721
330.823457 720
334.166888 719
334.716522 718
335.356734 717
337.624861 716
338.141740 715
338.846330 714
339.353937 713
341.529634 712
343.659512 711
343.795598 710
344.095984 709
345.310985 708
346.636165 707
346.927641 706
348.496714 705
348.528684 704
349.246093 703
352.349597 702
352.613956 701
352.666621 700
353.759752 699
354.475123 698
354.537410 697
355.803393 696
356.697145 695
357.392985 694
357.776080 693
358.767931 692
359.693529 691
365.720215 690
365.757805 689
365.875978 688
366.359121 687
366.963913 686
367.353595 685
368.257164 684
368.593335 683
368.607099 682
368.945172 681
370.057597 680
371.123802 679
371.888920 678
372.787828 677
373.428179 676
375.017951 675
376.652979 674
377.470866 673
377.498019 672
378.087750 671
379.630428 670
380.729291 669
382.120300 668
383.341707 667
383.601541 666
388.253950 665
390.589433 664
391.936358 663
391.959784 662
392.783293 661
395.232336 660
395.899966 659
397.113422 658
399.798137 657
401.018020 656
402.334886 655
405.269920 654
408.268669 653
409.425290 652
411.396510 651
415.534538 650
417.425515 649
419.332150 648
420.414160 647
421.579898 646
421.601786 645
422.821435 644
425.517704 643
425.978747 642
425.988711 641
426.051475 640
426.371002 639
427.743871 638
428.559859 637
435.238236 636
436.825215 635
437.255075 634
437.438686 633
439.142566 632
443.509245 631
447.513841 630
451.785396 629
453.182037 628
453.556950 627
456.756183 626
457.444883 625
461.569614 624
466.258913 623
467.416473 622
475.941803 621
476.350014 620
478.252556 619
480.309516 618
481.660978 617
483.726932 616
484.828777 615
485.585038 614
487.078800 613
491.398761 612
495.862101 611
499.156253 610
499.606531 609
500.143990 608
500.658321 607
502.601222 606
506.098105 605
507.690880 604
507.936439 603
507.992098 602
511.802156 601
512.332989 600
512.707652 599
512.779707 598
516.222297 597
516.445265 596
517.282694 595
517.293059 594
517.332264 593
518.113887 592
518.116000 591
518.273961 590
518.619695 589
519.346042 588
520.259488 587
523.791450 586
524.796198 585
525.242292 584
528.037822 583
528.816517 582
529.301473 581
530.050416 580
534.616750 579
536.907464 578
538.320516 577
538.531187 576
538.865116 575
538.914684 574
540.754721 573
541.530192 572
542.061418 571
542.285043 570
542.477305 569
543.345338 568
544.382953 567
544.875402 566
546.146704 565
554.115081 564
554.667553 563
554.831947 562
556.567497 561
556.809518 560
560.020857 559
561.045643 558
561.836850 557
563.058626 556
563.222029 555
563.964772 554
565.945799 553
566.396315 552
566.774685 551
569.291542 550
570.796732 549
571.642638 548
571.719568 547
573.821368 546
576.749853 545
578.096405 544
578.977138 543
579.590644 542
579.788188 541
580.033279 540
581.748725 539
582.310659 538
586.056380 537
586.819591 536
587.209017 535
587.463684 534
588.845738 533
589.067853 532
589.964480 531
590.514448 530
590.738524 529
593.789742 528
595.710660 527
598.590879 526
600.339636 525
601.154579 524
603.504594 523
606.462082 522
609.233117 521
611.281076 520
611.564096 519
614.500795 518
614.673054 517
615.191916 516
617.001497 515
618.276741 514
621.125942 513
625.483888 512
625.920472 511
625.940734 510
626.422328 509
626.891370 508
626.893653 507
627.218842 506
630.940959 505
631.053559 504
638.540789 503
642.894380 502
646.218005 501
652.593951 500
656.458173 499
656.574797 498
657.784010 497
660.873348 496
661.978400 495
662.864845 494
663.378812 493
664.504192 492
666.863500 491
668.345454 490
668.458355 489
669.444300 488
671.527582 487
672.105678 486
672.708135 485
673.644679 484
675.655179 483
676.820985 482
677.738518 481
678.129435 480
680.459647 479
685.553357 478
686.227073 477
689.682030 476
697.955453 475
700.949085 474
706.266131 473
707.573508 472
711.495506 471
714.137177 470
714.886729 469
717.210284 468
718.727954 467
719.118086 466
721.737605 465
721.890402 464
722.679979 463
722.957187 462
729.540026 461
731.241928 460
732.501596 459
732.726719 458
732.999318 457
733.462055 456
735.602249 455
736.002372 454
738.209339 453
742.441491 452
743.366670 451
744.099778 450
744.249502 449
744.763137 448
744.893674 447
745.978939 446
746.265869 445
749.186547 444
751.484967 443
752.434648 442
752.802452 441
753.341314 440
758.982123 439
761.356341 438
761.612225 437
763.163333 436
763.625248 435
764.745661 434
766.648163 433
768.256503 432
768.340327 431
769.471729 430
772.688560 429
774.876738 428
776.716686 427
777.754010 426
779.055555 425
779.893848 424
780.898590 423
786.355088 422
787.771665 421
788.090559 420
789.510250 419
793.955342 418
796.821190 417
797.629561 416
799.590455 415
801.459593 414
803.278346 413
807.248810 412
813.452256 411
815.022307 410
815.513115 409
816.227433 408
817.535715 407
819.265009 406
822.129046 405
822.216588 404
825.851508 403
829.893614 402
832.002913 401
836.484150 400
839.061718 399
840.282008 398
843.391450 397
844.726566 396
845.206808 395
848.669139 394
850.205417 393
853.196640 392
853.926397 391
859.884804 390
870.385756 389
870.789133 388
874.465479 387
874.914515 386
876.479519 385
878.275433 384
882.453720 383
885.260819 382
885.532922 381
886.217833 380
888.793452 379
889.671390 378
889.964201 377
893.128137 376
893.593407 375
895.189646 374
896.621356 373
896.754897 372
897.655847 371
900.786465 370
902.700423 369
906.614172 368
907.354963 367
908.287174 366
910.000457 365
913.170519 364
913.977810 363
917.547763 362
918.879596 361
926.037796 360
927.383841 359
927.750044 358
928.703510 357
929.857074 356
932.404229 355
936.290261 354
938.149052 353
940.197359 352
941.788198 351
949.742876 350
950.017101 349
950.530221 348
951.058162 347
951.887180 346
962.691755 345
962.722193 344
965.663861 343
967.537903 342
971.514590 341
974.329776 340
975.882116 339
976.044960 338
981.452617 337
983.022620 336
986.212689 335
986.493742 334
989.444632 333
993.649890 332
998.020246 331
998.702949 330
999.234368 329
1000.842706 328
1003.476844 327
1012.561782 326
1014.735989 325
1021.805505 324
1024.717888 323
1035.202564 322
1045.137572 321
1050.544355 320
1053.091820 319
1059.424359 318
1061.581254 317
1063.032866 316
1066.481818 315
1066.858174 314
1073.133339 313
1078.145992 312
1078.682186 311
1081.150790 310
1082.914204 309
1084.572212 308
1087.135395 307
1089.879199 306
1091.745008 305
1092.017253 304
1092.204518 303
1098.179037 302
1101.430071 301
1106.417976 300
1106.819449 299
1109.060503 298
1122.319185 297
1123.782682 296
1129.735116 295
1134.420830 294
1137.035402 293
1143.936531 292
1144.823719 291
1148.752228 290
1151.019491 289
1152.791120 288
1153.148577 287
1157.888253 286
1162.234222 285
1163.073396 284
1169.731927 283
1173.602320 282
1177.030353 281
1177.515881 280
1179.458087 279
1179.988126 278
1180.166878 277
1189.628303 276
1196.789698 275
1197.150534 274
1198.195213 273
1200.291558 272
1204.663894 271
1209.089429 270
1211.016207 269
1222.683373 268
1224.366625 267
1229.082958 266
1231.464025 265
1233.545441 264
1234.849297 263
1247.095593 262
1255.159822 261
1255.671573 260
1257.449318 259
1258.002874 258
1263.055542 257
1266.848436 256
1266.886918 255
1277.559974 254
1282.918828 253
1286.051341 252
1287.049380 251
1304.808402 250
1311.796708 249
1312.046188 248
1312.420033 247
1318.754280 246
1323.961678 245
1324.685177 244
1326.570531 243
1330.804029 242
1336.586084 241
1339.292517 240
1341.646687 239
1349.009963 238
1350.515783 237
1351.576465 236
1359.978796 235
1366.726097 234
1371.292050 233
1373.609482 232
1375.594679 231
1376.844883 230
1377.397049 229
1380.961249 228
1392.329906 227
1392.667042 226
1399.290129 225
1400.412113 224
1400.808725 223
1402.312052 222
1424.586302 221
1428.889553 220
1432.668934 219
1433.065150 218
1433.994588 217
1444.212574 216
1448.400859 215
1452.666751 214
1475.079820 213
1485.957146 212
1499.716281 211
1505.981867 210
1506.321471 209
1513.330986 208
1514.325800 207
1516.633296 206
1526.412822 205
1530.108127 204
1534.507942 203
1536.161537 202
1536.769796 201
1536.960910 200
1537.360111 199
1537.500860 198
1540.410558 197
1540.877654 196
1542.791128 195
1546.256942 194
1551.784323 193
1557.608591 192
1561.553326 191
1566.544966 190
1568.582478 189
1569.989069 188
1570.630100 187
1571.028090 186
1573.897085 185
1588.849811 184
1591.134175 183
1596.931053 182
1599.200939 181
1600.012441 180
1610.680634 179
1618.826379 178
1622.365108 177
1629.612651 176
1639.249353 175
1641.979563 174
1646.160769 173
1648.136381 172
1670.870817 171
1679.823811 170
1681.013521 169
1682.219387 168
1685.188935 167
1686.430506 166
1689.835998 165
1690.599817 164
1692.247079 163
1692.773257 162
1694.623374 161
1696.375531 160
1717.221865 159
1725.080060 158
1727.646139 157
1737.046534 156
1752.998786 155
1754.904151 154
1764.670298 153
1768.128592 152
1780.315574 151
1792.993622 150
1801.061308 149
1805.275331 148
1818.124690 147
1818.200806 146
1825.171063 145
1833.603119 144
1840.163832 143
1840.308311 142
1841.169175 141
1846.194966 140
1850.083618 139
1853.048852 138
1866.110843 137
1869.192577 136
1875.465469 135
1883.222616 134
1890.607698 133
1896.303999 132
1911.356025 131
1922.130875 130
1927.888477 129
1930.533874 128
1938.439448 127
1942.127692 126
1948.148736 125
1951.250422 124
1960.402743 123
1963.572501 122
1971.528383 121
1974.536292 120
1977.123737 119
1992.091690 118
1995.907171 117
2002.708143 116
2014.753517 115
2017.658067 114
2028.993492 113
2030.176543 112
2034.560495 111
2036.295467 110
2042.052753 109
2042.852954 108
2046.355317 107
2055.387623 106
2061.932358 105
2065.482214 104
2069.892865 103
2070.139308 102
2077.990135 101
2084.593943 100
2104.069602 99
2105.160898 98
2108.307192 97
2125.650903 96
2133.937718 95
2149.956618 94
2152.577058 93
2165.684876 92
2187.427439 91
2188.211043 90
2189.711333 89
2228.077184 88
2239.017188 87
2254.668277 86
2282.680663 85
2290.552857 84
2306.086772 83
2323.312454 82
2342.186611 81
2346.618155 80
2355.183944 79
2364.754130 78
2395.171560 77
2396.294161 76
2397.402228 75
2399.423134 74
2418.649392 73
2423.768530 72
2424.250010 71
2431.709840 70
2435.793374 69
2442.183124 68
2466.037284 67
2472.068494 66
2479.909846 65
2487.923448 64
2488.581705 63
2511.061677 62
2516.218573 61
2533.808227 60
2538.970042 59
2553.531501 58
2568.599889 57
2635.179088 56
2636.637756 55
2640.388785 54
2660.200571 53
2671.831061 52
2672.162027 51
2702.748618 50
2725.173466 49
2749.403580 48
2751.054619 47
2757.126369 46
2778.919260 45
2784.822805 44
2790.332137 43
2800.808081 42
2815.976277 41
2861.781944 40
2867.360373 39
3036.493957 38
3117.036670 37
3146.511086 36
3152.881067 35
3219.651523 34
3240.887395 33
3241.242665 32
3241.460189 31
3259.074679 30
3266.619521 29
3300.715683 28
3330.237884 27
3364.503471 26
3384.057268 25
3527.711500 24
3533.022718 23
3536.897563 22
3536.941987 21
3549.002443 20
3581.971986 19
3632.311039 18
3754.153289 17
3843.286617 16
3874.635236 15
3927.374777 14
3976.131087 13
3991.377703 12
4290.261048 11
4415.423572 10
4483.593179 9
4568.581764 8
4582.531721 7
4769.249573 6
4849.798202 5
5019.338900 4
5030.197844 3
5113.764149 2
6650.540131 1
10319.655424 0
