0.000000 1000
0.480132 999
0.481927 998
1.216050 997
1.969775 996
2.644935 995
3.355197 994
4.888162 993
7.303172 992
8.291949 991
8.407687 990
8.620486 989
9.944613 988
10.395005 987
10.959639 986
11.560791 985
11.882594 984
12.110428 983
12.160017 982
12.638264 981
13.435549 980
15.438877 979
15.485492 978
16.030326 977
16.734519 976
19.034584 975
20.976495 974
21.031496 973
21.556063 972
21.958194 971
25.285087 970
27.143843 969
27.778820 968
28.293427 967
28.445153 966
28.602341 965
28.986733 964
29.656674 963
31.055822 962
31.249416 961
31.422940 960
32.686215 959
33.192735 958
33.655810 957
34.807419 956
35.823211 955
36.258617 954
36.315262 953
37.284602 952
38.166730 951
40.443874 950
41.244639 949
41.291054 948
41.672191 947
43.203884 946
43.515849 945
44.644575 944
45.029093 943
46.012207 942
46.058081 941
46.555556 940
46.989766 939
49.543006 938
50.154745 937
50.513963 936
50.990754 935
51.880933 934
56.014555 933
59.377646 932
60.980895 931
60.995202 930
61.077702 929
63.129254 928
63.322840 927
64.833539 926
67.179321 925
67.962698 924
69.089863 923
69.409822 922
70.340953 921
71.758383 920
72.088107 919
72.530295 918
74.429973 917
75.680273 916
77.356833 915
78.904906 914
80.475675 913
80.877762 912
83.109343 911
84.593632 910
85.554782 909
85.968089 908
88.204819 907
88.675001 906
89.392771 905
89.922021 904
91.614439 903
93.491418 902
94.696193 901
95.585359 900
96.732563 899
98.285618 898
99.782649 897
99.862380 896
100.775386 895
101.118148 894
102.082782 893
102.716388 892
102.833653 891
103.740025 890
104.634114 889
104.663342 888
105.220006 887
105.579494 886
106.532833 885
106.757784 884
107.276340 883
108.955710 882
110.123716 881
110.351350 880
111.270874 879
112.813040 878
117.834105 877
118.870027 876
119.895727 875
120.905763 874
122.181927 873
122.475694 872
125.750872 871
127.224109 870
127.786110 869
133.366361 868
135.489939 867
136.159110 866
139.276380 865
139.744756 864
139.763837 863
140.801608 862
141.106054 861
142.286405 860
145.098846 859
146.129570 858
146.794632 857
147.250364 856
147.255848 855
148.199775 854
148.498846 853
149.052925 852
149.103334 851
150.874751 850
151.483333 849
151.724065 848
154.232268 847
154.748634 846
154.823676 845
155.338963 844
155.398645 843
157.272225 842
157.597517 841
157.944551 840
158.360329 839
159.632583 838
159.692919 837
159.832052 836
160.171168 835
160.333529 834
161.177862 833
161.825366 832
162.503122 831
165.762727 830
167.868800 829
168.157820 828
169.674811 827
170.402337 826
173.018441 825
173.555882 824
173.598192 823
175.714676 822
177.320071 821
180.029347 820
180.187497 819
180.429305 818
180.680431 817
182.569821 816
183.204839 815
184.209674 814
184.349680 813
184.865341 812
186.956952 811
187.788762 810
187.969176 809
187.996876 808
190.974017 807
193.087937 806
193.413433 805
196.313553 804
196.856740 803
198.350138 802
198.568073 801
199.448016 800
202.835828 799
203.121348 798
203.974528 797
204.321685 796
209.110166 795
209.199040 794
211.440788 793
212.451402 792
212.807551 791
213.083984 790
213.964794 789
217.439515 788
219.125126 787
223.442661 786
224.398073 785
229.072499 784
231.373870 783
231.483442 782
231.823407 781
232.743022 780
233.068173 779
235.575185 778
236.251472 777
236.319892 776
240.440253 775
241.368399 774
242.774660 773
247.116958 772
247.298095 771
249.659112 770
250.571274 769
251.119306 768
254.387030 767
257.712880 766
259.024283 765
260.363231 764
260.617285 763
261.557860 762
261.852872 761
262.352664 760
263.502612 759
264.958988 758
265.532462 757
266.868947 756
267.577276 755
267.679237 754
268.471599 753
271.235597 752
272.978413 751
273.144845 750
277.486678 749
281.123635 748
281.464294 747
282.392206 746
282.859464 745
284.512213 744
284.799044 743
285.038054 742
285.526370 741
287.175191 740
288.198393 739
290.385482 738
290.571885 737
290.863262 736
291.696139 735
291.828603 734
294.187108 733
298.207985 732
298.748824 731
298.924110 730
299.118656 729
299.379792 728
303.278805 727
304.850505 726
305.175994 725
306.594241 724
310.817913 723
310.841543 722
312.437402 721
313.445980 720
313.993024 719
314.490531 718
315.505652 717
315.562654 716
318.456113 715
320.027006 714
322.573005 713
322.640573 712
323.695549 711
323.864121 710
324.431167 709
324.449786 708
325.143557 707
325.155518 706
325.581699 705
326.549639 704
327.578257 703
334.061305 702
334.168728 701
335.143530 700
335.436630 699
335.905143 698
336.873510 697
343.970042 696
349.300706 695
349.873438 694
350.276415 693
350.374415 692
351.105748 691
353.900913 690
354.396014 689
354.579829 688
355.183732 687
356.203443 686
357.120655 685
359.781151 684
362.059843 683
363.067151 682
363.485748 681
363.519000 680
364.236171 679
366.871423 678
369.941378 677
370.419270 676
370.662789 675
371.134145 674
374.038029 673
375.486464 672
375.712872 671
378.251784 670
378.372845 669
378.476278 668
382.496727 667
383.784925 666
383.785104 665
383.834398 664
384.803712 663
384.957598 662
388.264704 661
392.142161 660
395.067131 659
400.638077 658
400.786185 657
401.515993 656
401.907820 655
412.754742 654
415.562894 653
420.821299 652
422.462062 651
428.295419 650
428.756019 649
429.438422 648
433.686638 647
434.963672 646
436.734577 645
436.846468 644
437.041145 643
439.944942 642
440.456023 641
441.934756 640
442.560801 639
445.850276 638
446.533863 637
446.741510 636
456.922234 635
457.098026 634
458.200696 633
459.289144 632
461.180150 631
463.616547 630
465.929988 629
466.471590 628
466.891012 627
469.992457 626
473.632814 625
475.774651 624
475.844239 623
476.107239 622
479.347746 621
480.949423 620
481.349285 619
484.403570 618
486.661972 617
488.601965 616
489.821185 615
492.581712 614
493.044790 613
495.132441 612
495.767367 611
500.821866 610
501.165236 609
502.160533 608
503.555817 607
504.958235 606
505.510561 605
505.832844 604
506.708728 603
508.261295 602
509.871571 601
510.041899 600
515.112083 599
516.116347 598
520.474283 597
520.964507 596
526.850872 595
528.262229 594
528.515332 593
531.799532 592
532.675700 591
535.940668 590
541.444887 589
541.627193 588
545.256359 587
546.966349 586
548.525183 585
550.176206 584
552.078035 583
553.259960 582
553.402207 581
554.795817 580
555.137754 579
556.157767 578
556.374957 577
557.102080 576
557.779725 575
561.287466 574
562.744178 573
562.751614 572
562.811589 571
563.625502 570
563.729186 569
565.011873 568
568.280090 567
568.894368 566
571.375673 565
571.914311 564
575.371823 563
576.623384 562
578.853570 561
580.575419 560
581.847476 559
582.783188 558
584.872430 557
587.831070 556
588.215945 555
589.228219 554
594.658722 553
598.417453 552
601.538688 551
602.064895 550
603.610489 549
606.906250 548
607.914751 547
611.721279 546
611.892081 545
614.499330 544
617.609578 543
620.509182 542
621.326078 541
622.357124 540
622.841242 539
624.259999 538
624.418287 537
624.830394 536
626.512575 535
627.260170 534
628.110456 533
628.901039 532
630.558685 531
630.587825 530
631.639869 529
635.288780 528
635.651485 527
637.365153 526
637.960841 525
641.164860 524
641.750213 523
643.462014 522
643.744799 521
644.144742 520
646.023577 519
646.396017 518
655.293989 517
655.311243 516
656.012773 515
659.625451 514
660.076794 513
660.489173 512
662.727199 511
663.013806 510
663.505289 509
668.504028 508
668.584146 507
670.388181 506
671.465031 505
671.916029 504
672.892902 503
672.968985 502
676.477772 501
677.704314 500
678.735034 499
681.053351 498
681.106287 497
681.419054 496
683.248266 495
683.918158 494
687.108726 493
688.688372 492
691.598055 491
691.806451 490
694.031614 489
694.896417 488
695.210210 487
699.637691 486
701.270509 485
701.622456 484
701.980671 483
702.125172 482
702.175888 481
705.717880 480
710.367814 479
714.446460 478
715.597616 477
715.989161 476
716.616564 475
720.216353 474
726.282810 473
726.297241 472
727.262460 471
728.125349 470
730.568443 469
733.945188 468
733.987467 467
737.048872 466
739.981764 465
744.154646 464
745.336261 463
745.804938 462
748.922787 461
749.067644 460
751.670496 459
753.591945 458
755.821184 457
758.829314 456
762.765184 455
767.605474 454
773.606019 453
776.770877 452
780.055896 451
780.797881 450
785.910086 449
786.970762 448
787.447122 447
790.106986 446
791.892232 445
792.616410 444
793.024450 443
799.815921 442
800.640106 441
801.946766 440
802.817395 439
808.204434 438
808.587757 437
811.124681 436
816.554056 435
817.486007 434
819.816663 433
821.389908 432
822.301367 431
826.526356 430
830.589261 429
833.341327 428
834.713302 427
835.613433 426
843.220601 425
843.993019 424
844.630278 423
844.920705 422
850.254630 421
853.066945 420
856.530955 419
862.850760 418
863.768863 417
864.593093 416
867.043365 415
868.119871 414
869.551041 413
875.044556 412
883.267598 411
883.692383 410
884.656103 409
888.347266 408
890.068184 407
892.927107 406
895.502065 405
897.273527 404
901.016747 403
903.400475 402
903.660313 401
904.432223 400
909.500825 399
918.444950 398
920.111867 397
920.999988 396
923.554782 395
924.722762 394
925.335722 393
926.867818 392
927.339327 391
930.445819 390
932.495258 389
934.590640 388
935.019200 387
935.649294 386
938.447983 385
939.186374 384
939.229458 383
942.340406 382
945.598978 381
947.423634 380
949.068244 379
952.218792 378
952.622823 377
958.873721 376
964.884964 375
965.468318 374
967.222248 373
969.401054 372
969.770147 371
971.144601 370
972.076092 369
972.604183 368
974.324907 367
977.629248 366
980.328681 365
980.474400 364
982.372861 363
984.021259 362
987.976766 361
990.348877 360
995.679060 359
997.410854 358
1001.188460 357
1008.752539 356
1008.954608 355
1010.067681 354
1012.113101 353
1016.258584 352
1019.031086 351
1021.993869 350
1031.382291 349
1039.133450 348
1039.822126 347
1043.028911 346
1045.574325 345
1049.790933 344
1050.488756 343
1064.119194 342
1066.870800 341
1074.628958 340
1078.358131 339
1082.498296 338
1083.020939 337
1084.346575 336
1087.602161 335
1092.592391 334
1103.272707 333
1107.929322 332
1108.195847 331
1111.193897 330
1111.987837 329
1116.146708 328
1119.306098 327
1119.914576 326
1121.211801 325
1121.767953 324
1122.816338 323
1129.406853 322
1129.763285 321
1131.636418 320
1133.291180 319
1141.585930 318
1145.749999 317
1152.338456 316
1154.102229 315
1156.003912 314
1157.883636 313
1163.994795 312
1164.563034 311
1166.161703 310
1167.656698 309
1169.824110 308
1172.060130 307
1172.572148 306
1178.988796 305
1185.774806 304
1187.970613 303
1190.659042 302
1190.841926 301
1194.383070 300
1195.194237 299
1195.238162 298
1196.293463 297
1200.196061 296
1207.720774 295
1209.080200 294
1211.367912 293
1221.240117 292
1232.386615 291
1234.905417 290
1235.978639 289
1236.518802 288
1241.965262 287
1248.616289 286
1249.502048 285
1251.901968 284
1258.362421 283
1261.502993 282
1263.158648 281
1269.232622 280
1276.812300 279
1283.384243 278
1283.832084 277
1289.148670 276
1289.424265 275
1292.140589 274
1294.720130 273
1303.351818 272
1304.293632 271
1307.480874 270
1309.782765 269
1317.379161 268
1321.551845 267
1325.987721 266
1333.085488 265
1341.100123 264
1342.472051 263
1346.642820 262
1355.373903 261
1365.297861 260
1365.731899 259
1371.616821 258
1374.094874 257
1377.825056 256
1386.144599 255
1391.596871 254
1396.332979 253
1398.901957 252
1406.714567 251
1417.606882 250
1421.378907 249
1436.755308 248
1438.528875 247
1439.776121 246
1441.594867 245
1447.140587 244
1456.327323 243
1456.892997 242
1463.410491 241
1467.551536 240
1467.715672 239
1467.853265 238
1469.183053 237
1470.761353 236
1476.186635 235
1483.877558 234
1484.920520 233
1485.176735 232
1489.564645 231
1495.804692 230
1499.542854 229
1517.487973 228
1527.986160 227
1537.343211 226
1539.004579 225
1544.412349 224
1546.055000 223
1550.531166 222
1558.190166 221
1570.464196 220
1571.596005 219
1572.961620 218
1575.946727 217
1578.265544 216
1583.341906 215
1585.252940 214
1593.319269 213
1597.047111 212
1617.751885 211
1624.177079 210
1628.829501 209
1631.437730 208
1635.378605 207
1641.617016 206
1646.155417 205
1656.903752 204
1659.551096 203
1667.353258 202
1674.447417 201
1676.273595 200
1681.790008 199
1685.619476 198
1686.823144 197
1695.175568 196
1700.377840 195
1702.078478 194
1709.028420 193
1714.556996 192
1715.052320 191
1716.577639 190
1718.070925 189
1720.034588 188
1727.885217 187
1731.036918 186
1731.875773 185
1737.426165 184
1757.679007 183
1757.777782 182
1760.056095 181
1760.987264 180
1774.626475 179
1783.882929 178
1807.837086 177
1816.974733 176
1822.217333 175
1829.399054 174
1831.934333 173
1844.205234 172
1848.012844 171
1864.528371 170
1872.735059 169
1872.765084 168
1873.688659 167
1877.335313 166
1906.478422 165
1913.364463 164
1916.740062 163
1917.710115 162
1919.011765 161
1921.234023 160
1926.211410 159
1930.356598 158
1930.926302 157
1935.554475 156
1936.536251 155
1947.621442 154
1951.869839 153
1973.253949 152
1975.280734 151
1976.144946 150
1976.971050 149
1979.680868 148
1988.346120 147
1990.494647 146
1994.446754 145
2006.042146 144
2008.966174 143
2022.086002 142
2029.407396 141
2029.784126 140
2030.425281 139
2034.669011 138
2035.476828 137
2035.906067 136
2067.782378 135
2075.655913 134
2098.154951 133
2101.881329 132
2103.592357 131
2118.521810 130
2152.018135 129
2152.484743 128
2159.441903 127
2165.014078 126
2173.305307 125
2178.478676 124
2184.905419 123
2188.378543 122
2189.544585 121
2189.842010 120
2192.038445 119
2193.845276 118
2207.904234 117
2212.994954 116
2230.911547 115
2232.609271 114
2270.674650 113
2300.533664 112
2302.628164 111
2315.455881 110
2318.391009 109
2334.838230 108
2381.573617 107
2383.893087 106
2390.765029 105
2395.506568 104
2396.354307 103
2410.953994 102
2443.465961 101
2462.397863 100
2466.018599 99
2469.363247 98
2519.205303 97
2524.966782 96
2537.085579 95
2538.911067 94
2545.353128 93
2553.875873 92
2554.357512 91
2557.907765 90
2583.398175 89
2590.821561 88
2593.701619 87
2601.070594 86
2601.205584 85
2605.130007 84
2628.704374 83
2638.145265 82
2652.471871 81
2683.008077 80
2687.037233 79
2704.250463 78
2718.052830 77
2736.145686 76
2764.948757 75
2795.329130 74
2806.509690 73
2849.554617 72
2864.205308 71
2877.981356 70
2878.978586 69
2892.936881 68
2897.951729 67
2898.399580 66
2904.723786 65
2918.883402 64
2924.548742 63
2938.624573 62
2939.068552 61
2949.593073 60
2952.512136 59
2952.661709 58
2955.615199 57
2967.173027 56
2968.133255 55
2990.625368 54
3027.932407 53
3047.378817 52
3048.586287 51
3090.198696 50
3090.681178 49
3096.536897 48
3109.789413 47
3115.915806 46
3120.427069 45
3147.905902 44
3152.202251 43
3154.444536 42
3188.421147 41
3193.882796 40
3211.462127 39
3214.628575 38
3228.359320 37
3236.993990 36
3240.169582 35
3247.533347 34
3306.472593 33
3322.756700 32
3386.772368 31
3418.317455 30
3421.028159 29
3512.842897 28
3532.916450 27
3563.644385 26
3604.563889 25
3680.825515 24
3681.079896 23
3723.858312 22
4044.941045 21
4069.873863 20
4091.283955 19
4095.093591 18
4096.445045 17
4188.571160 16
4204.945320 15
4214.181251 14
4236.600290 13
4285.262918 12
4482.291862 11
4799.563517 10
4934.733676 9
5108.789082 8
5144.754283 7
5320.829431 6
5360.670467 5
5452.204381 4
5729.938649 3
5773.206237 2
5816.334878 1
6390.034283 0
