0.000000 1000
0.508707 999
3.727182 998
5.142547 997
6.054182 996
6.755889 995
11.163490 994
11.170448 993
11.387325 992
12.057774 991
13.217584 990
14.539946 989
14.573371 988
14.625101 987
16.932597 986
19.224496 985
19.652406 984
20.491473 983
21.565674 982
25.454681 981
26.105352 980
26.680011 979
28.514621 978
29.207961 977
29.905482 976
30.795591 975
31.028809 974
32.080031 973
33.211766 972
36.004424 971
37.139148 970
38.585259 969
39.948974 968
40.926978 967
40.976171 966
44.059993 965
44.340263 964
44.425225 963
44.616369 962
45.997345 961
46.236177 960
46.539708 959
48.132494 958
48.204269 957
49.768936 956
50.018340 955
50.319223 954
50.852778 953
51.735570 952
53.834827 951
54.407723 950
55.062868 949
55.637928 948
56.938815 947
58.295000 946
62.475913 945
65.088512 944
65.258239 943
67.551682 942
69.088436 941
70.422566 940
70.811169 939
72.378413 938
73.416940 937
78.799241 936
81.129632 935
83.410681 934
88.645192 933
89.940865 932
90.816139 931
91.208510 930
91.612165 929
93.505147 928
93.997918 927
94.854830 926
96.635719 925
97.544441 924
97.682746 923
97.768485 922
99.183085 921
99.280825 920
100.639756 919
101.007640 918
102.200867 917
106.671937 916
108.040495 915
110.822138 914
113.291333 913
114.232627 912
114.723150 911
116.239541 910
116.327633 909
116.415708 908
121.418365 907
124.766936 906
124.823505 905
125.688543 904
127.209503 903
127.437231 902
128.087549 901
129.519312 900
133.583483 899
134.507593 898
136.290763 897
138.724784 896
140.071199 895
140.073601 894
140.889699 893
141.568597 892
142.080538 891
144.570623 890
145.556600 889
146.624959 888
149.557257 887
151.584173 886
151.875385 885
152.749253 884
157.266173 883
157.611293 882
157.743289 881
157.768985 880
158.119258 879
160.057338 878
164.113328 877
166.495916 876
168.026326 875
169.195102 874
169.476893 873
170.653490 872
171.599086 871
171.893428 870
172.105620 869
172.641450 868
174.537646 867
176.910544 866
178.713244 865
179.156140 864
181.618046 863
181.648005 862
181.832178 861
182.214250 860
182.537807 859
182.546414 858
185.600926 857
186.331489 856
186.459567 855
189.866483 854
190.086780 853
191.537389 852
192.013911 851
192.374469 850
194.927902 849
196.078970 848
197.581808 847
198.127417 846
198.461338 845
200.500087 844
200.655946 843
201.865422 842
204.420164 841
205.430236 840
207.892892 839
208.692058 838
209.691574 837
211.230862 836
211.996081 835
212.413288 834
212.680627 833
213.725544 832
215.571303 831
222.147833 830
222.158180 829
222.429081 828
223.335220 827
223.438213 826
223.501730 825
226.865272 824
230.494688 823
231.125644 822
231.431085 821
232.183260 820
234.809584 819
235.306176 818
239.599258 817
240.046499 816
240.306387 815
240.919461 814
241.148818 813
243.870878 812
246.825168 811
247.057940 810
247.391577 809
247.905732 808
248.318906 807
248.704692 806
252.149932 805
257.897968 804
258.950781 803
264.255679 802
264.498844 801
265.284208 800
265.434673 799
267.301937 798
268.558061 797
268.683574 796
270.110301 795
270.195973 794
270.657858 793
271.679538 792
271.798584 791
272.516087 790
273.164583 789
273.455555 788
277.015441 787
277.274334 786
277.826541 785
280.654068 784
283.011113 783
283.132537 782
284.314684 781
286.610587 780
286.842012 779
288.662355 778
289.821182 777
290.339384 776
290.953834 775
292.149145 774
292.895158 773
293.523936 772
295.157691 771
297.496384 770
297.634909 769
298.144019 768
303.016205 767
310.012676 766
312.278804 765
314.417493 764
315.512119 763
321.350187 762
321.708503 761
324.458170 760
325.545137 759
325.779394 758
327.858946 757
331.756209 756
334.770017 755
335.142564 754
336.231179 753
339.057869 752
340.268732 751
341.983841 750
343.771370 749
345.023900 748
347.656171 747
350.184283 746
351.197831 745
353.252107 744
354.010456 743
354.105980 742
354.206106 741
355.319453 740
355.358863 739
356.880413 738
358.677965 737
361.342948 736
361.803568 735
362.970816 734
364.991816 733
365.818262 732
366.077152 731
366.268386 730
366.502062 729
368.101802 728
368.668488 727
369.742243 726
369.945885 725
370.823170 724
372.283319 723
372.888290 722
373.651625 721
375.359238 720
375.561273 719
376.367214 718
377.082011 717
378.213884 716
384.299345 715
384.564717 714
384.737725 713
384.967077 712
385.637244 711
387.115069 710
388.941066 709
389.245256 708
390.229558 707
390.555855 706
390.849919 705
390.968394 704
391.255964 703
391.658703 702
392.092356 701
392.175881 700
394.091942 699
398.028365 698
398.506570 697
400.544613 696
401.064543 695
401.403110 694
404.986713 693
410.034389 692
410.049008 691
410.127086 690
411.568330 689
412.329182 688
412.438939 687
415.477865 686
416.156260 685
416.211851 684
417.338877 683
417.692275 682
418.232591 681
418.342674 680
419.176190 679
420.004259 678
422.083519 677
423.658608 676
424.081543 675
425.898942 674
426.216357 673
426.418401 672
428.643325 671
431.061187 670
433.041593 669
434.647672 668
437.611536 667
438.052109 666
438.280832 665
439.612853 664
440.526740 663
441.925510 662
441.942650 661
444.559898 660
445.398875 659
446.791389 658
446.990189 657
449.006270 656
450.372225 655
451.006111 654
451.559586 653
452.074209 652
455.161911 651
455.206217 650
458.040264 649
460.789553 648
463.690879 647
464.108645 646
464.186982 645
464.805714 644
468.157056 643
468.540136 642
469.928571 641
475.016343 640
476.429139 639
477.375140 638
478.403820 637
480.535767 636
480.538917 635
481.434687 634
482.253224 633
485.420535 632
487.208512 631
488.783223 630
494.556638 629
494.595797 628
495.078485 627
498.072250 626
499.170746 625
500.072797 624
501.313366 623
502.976270 622
504.315717 621
507.016200 620
507.828238 619
507.923751 618
509.046638 617
515.070113 616
523.095572 615
524.003837 614
524.365773 613
525.410365 612
525.730343 611
529.192315 610
530.222063 609
536.260670 608
537.114315 607
537.493478 606
538.503525 605
540.288159 604
540.374720 603
540.728875 602
541.916162 601
544.089619 600
544.145459 599
544.841842 598
547.627694 597
552.462550 596
554.192946 595
555.150265 594
559.747087 593
563.656648 592
564.969930 591
565.439725 590
568.510318 589
569.699811 588
570.136197 587
570.996765 586
571.745347 585
571.968437 584
573.202482 583
574.980340 582
581.000826 581
584.370762 580
585.093980 579
588.677196 578
588.706259 577
591.126236 576
594.609193 575
594.675664 574
600.377698 573
601.999720 572
603.159913 571
609.544686 570
610.549144 569
611.585144 568
616.045416 567
616.680981 566
618.090325 565
620.155148 564
626.275432 563
626.857791 562
626.960313 561
630.534298 560
631.041993 559
632.773625 558
637.769827 557
639.190093 556
641.368973 555
642.018740 554
650.251694 553
650.920908 552
654.013983 551
655.609288 550
656.617288 549
657.051752 548
657.402237 547
658.164051 546
659.401609 545
660.029947 544
661.103731 543
661.627635 542
664.716459 541
672.520826 540
675.604561 539
676.346278 538
677.102959 537
678.757829 536
682.239951 535
684.330224 534
685.953248 533
686.065382 532
687.318073 531
688.201093 530
691.867384 529
693.878061 528
697.291984 527
697.425643 526
699.964164 525
701.536462 524
702.332989 523
704.121677 522
705.241451 521
708.350204 520
711.455121 519
711.791598 518
713.919915 517
716.053245 516
716.535350 515
716.660404 514
717.286497 513
718.463458 512
720.056390 511
724.994863 510
725.807627 509
727.184961 508
727.384285 507
729.297691 506
729.745594 505
731.964337 504
732.683056 503
733.899374 502
735.357281 501
739.140539 500
743.290190 499
743.773764 498
744.855594 497
746.259142 496
747.644858 495
749.143189 494
760.274258 493
760.345986 492
760.835577 491
760.870372 490
761.886718 489
766.315938 488
767.076608 487
768.510167 486
769.334493 485
769.949282 484
775.392921 483
776.450777 482
776.905429 481
777.759908 480
778.443867 479
779.849372 478
783.370846 477
785.834705 476
787.038818 475
788.745098 474
788.770484 473
806.956481 472
812.335959 471
813.404483 470
813.489939 469
815.228652 468
820.621836 467
822.225804 466
824.296249 465
824.811773 464
825.989849 463
826.820770 462
833.560000 461
834.479183 460
836.876850 459
840.056292 458
840.446545 457
844.514432 456
845.342557 455
849.438090 454
849.717999 453
856.863761 452
857.218546 451
859.953144 450
860.310232 449
863.073971 448
865.120246 447
865.140280 446
865.481274 445
867.114397 444
871.431346 443
878.126778 442
882.527701 441
882.570133 440
883.900809 439
884.939190 438
888.179335 437
889.971108 436
891.892325 435
892.098184 434
895.594482 433
896.374118 432
897.381217 431
898.449988 430
899.297995 429
899.451399 428
899.756878 427
900.145671 426
901.684697 425
901.824465 424
909.191249 423
910.253871 422
910.931095 421
912.722910 420
917.746294 419
918.233097 418
918.461326 417
918.583706 416
921.510146 415
929.261975 414
929.900622 413
933.947362 412
940.390916 411
940.549612 410
948.555556 409
948.966284 408
949.394608 407
953.862245 406
955.858231 405
959.642922 404
961.147717 403
961.743057 402
961.869310 401
962.787115 400
962.898825 399
965.472689 398
965.983999 397
966.092688 396
968.727234 395
974.252834 394
975.715020 393
976.211122 392
980.748090 391
981.492680 390
992.887803 389
998.970136 388
999.960909 387
1003.733870 386
1010.260040 385
1014.314101 384
1018.033743 383
1019.193332 382
1022.348222 381
1024.471102 380
1025.020767 379
1025.194220 378
1026.951421 377
1030.023158 376
1031.948305 375
1032.702672 374
1034.698821 373
1035.561539 372
1037.592704 371
1039.182370 370
1039.519001 369
1040.600742 368
1041.359943 367
1041.414230 366
1044.080555 365
1046.385178 364
1048.202208 363
1052.096102 362
1052.858393 361
1053.039036 360
1054.901718 359
1057.614964 358
1062.220481 357
1063.255853 356
1068.948147 355
1077.817105 354
1084.243282 353
1088.327362 352
1092.364850 351
1095.885947 350
1096.977113 349
1097.515768 348
1100.433799 347
1104.951681 346
1104.961480 345
1108.053620 344
1111.042977 343
1111.863624 342
1112.430389 341
1113.546369 340
1120.193020 339
1121.709097 338
1122.859296 337
1123.797152 336
1128.331064 335
1131.397991 334
1131.702096 333
1136.837921 332
1144.479851 331
1150.375578 330
1159.999034 329
1161.365103 328
1163.148406 327
1173.393449 326
1178.454449 325
1178.918845 324
1180.151359 323
1181.550696 322
1183.054601 321
1184.793036 320
1185.048879 319
1185.599623 318
1187.336699 317
1193.067231 316
1195.119629 315
1201.788421 314
1206.865700 313
1209.293967 312
1219.587126 311
1220.577187 310
1224.700067 309
1227.355429 308
1227.700776 307
1230.214213 306
1230.505603 305
1232.111041 304
1241.078232 303
1242.436210 302
1244.220340 301
1253.171572 300
1265.731639 299
1277.475131 298
1281.704434 297
1285.444617 296
1285.987357 295
1289.220997 294
1298.790287 293
1298.967785 292
1299.455405 291
1314.267268 290
1316.159095 289
1326.885586 288
1327.641118 287
1331.961532 286
1335.494144 285
1336.151098 284
1336.232513 283
1338.356739 282
1340.818119 281
1341.095055 280
1344.364759 279
1344.953651 278
1351.598462 277
1352.724164 276
1353.141656 275
1355.738912 274
1359.715229 273
1360.591235 272
1363.137550 271
1374.914064 270
1375.150403 269
1375.946387 268
1379.343346 267
1381.993591 266
1382.122005 265
1382.445378 264
1387.774980 263
1388.244080 262
1388.417769 261
1390.390755 260
1391.913302 259
1392.094668 258
1392.589729 257
1394.044395 256
1394.570992 255
1398.027470 254
1402.423250 253
1403.690676 252
1409.541263 251
1421.218465 250
1421.845962 249
1425.538614 248
1442.108124 247
1443.060496 246
1444.715216 245
1451.878658 244
1453.100286 243
1459.983357 242
1460.516788 241
1466.432244 240
1473.231321 239
1475.604322 238
1476.902803 237
1478.909336 236
1480.279819 235
1483.748006 234
1484.060225 233
1487.499695 232
1488.356020 231
1494.476427 230
1496.953716 229
1501.841752 228
1503.661500 227
1506.918063 226
1508.718245 225
1509.174257 224
1509.225100 223
1515.888588 222
1516.786703 221
1517.139813 220
1517.653958 219
1517.731054 218
1518.129751 217
1518.719620 216
1519.794601 215
1522.559858 214
1534.275750 213
1534.687234 212
1543.029736 211
1543.127958 210
1544.868266 209
1552.033607 208
1554.614081 207
1555.662750 206
1565.553180 205
1566.119058 204
1571.183851 203
1572.337886 202
1582.034788 201
1582.668649 200
1593.266494 199
1599.221117 198
1606.335928 197
1619.937196 196
1620.522193 195
1640.078828 194
1658.490816 193
1659.922582 192
1663.053096 191
1664.517907 190
1675.529298 189
1677.957550 188
1680.940934 187
1682.747326 186
1706.120266 185
1706.380815 184
1709.495917 183
1709.672315 182
1710.563474 181
1710.800462 180
1712.206363 179
1712.287442 178
1721.062256 177
1725.638380 176
1726.751246 175
1733.713583 174
1745.760264 173
1757.902045 172
1760.381994 171
1769.142916 170
1771.568158 169
1771.756606 168
1772.144493 167
1772.193241 166
1774.145860 165
1774.851680 164
1783.777013 163
1789.389341 162
1790.892471 161
1794.312997 160
1832.268532 159
1839.463263 158
1848.370215 157
1856.567162 156
1864.566013 155
1869.955234 154
1874.493271 153
1879.005853 152
1881.863092 151
1884.431384 150
1895.221569 149
1895.380442 148
1902.765751 147
1918.261338 146
1923.065643 145
1927.903506 144
1928.721980 143
1932.745264 142
1937.477216 141
1939.250741 140
1939.505031 139
1943.044665 138
1954.211706 137
1960.573369 136
1961.023043 135
1961.168484 134
1963.312713 133
1970.416447 132
1970.934095 131
1972.962519 130
1973.263363 129
1975.085492 128
1996.243719 127
1999.422373 126
