0.000000 990
0.266436 989
1.291223 988
2.370941 987
5.138238 986
9.191650 985
9.996910 984
10.097838 983
16.304416 982
16.317775 981
17.033924 980
17.996423 979
18.037450 978
19.683418 977
22.996450 976
24.890068 975
26.774012 974
26.838321 973
28.787885 972
29.308735 971
29.324447 970
30.205056 969
30.267543 968
31.186613 967
31.373428 966
31.704105 965
32.255378 964
33.772043 963
33.804894 962
34.632400 961
37.549826 960
38.984159 959
39.817970 958
42.306187 957
42.430593 956
42.619140 955
43.822706 954
45.815890 953
46.145502 952
50.021218 951
51.195105 950
52.387315 949
54.490765 948
54.565018 947
55.034508 946
56.748599 945
56.857434 944
57.883870 943
61.528275 942
61.562229 941
62.824101 940
63.017409 939
64.146745 938
66.559296 937
67.274047 936
68.446621 935
71.654193 934
73.201751 933
74.158629 932
75.371808 931
75.710892 930
79.557327 929
80.163208 928
81.021329 927
83.312846 926
85.041201 925
86.367072 924
87.397047 923
88.689310 922
89.082885 921
89.944952 920
92.790184 919
94.482066 918
94.786651 917
96.357260 916
96.476138 915
99.952042 914
100.260112 913
100.693362 912
101.428403 911
101.949135 910
102.346740 909
103.049814 908
103.572697 907
104.164559 906
104.729344 905
106.091373 904
107.500208 903
108.778643 902
110.285643 901
110.406834 900
111.000254 899
113.366960 898
113.732710 897
114.027893 896
116.026127 895
116.959705 894
117.356673 893
117.374050 892
117.583434 891
122.322325 890
124.166030 889
126.040587 888
126.464090 887
128.455260 886
130.145178 885
130.429873 884
131.063965 883
132.473701 882
132.664328 881
135.665894 880
137.203651 879
137.485427 878
138.774159 877
139.963163 876
142.466140 875
142.620366 874
143.967739 873
143.991125 872
144.840352 871
145.893630 870
146.211077 869
146.902129 868
152.579298 867
152.661861 866
153.968894 865
154.239186 864
155.468269 863
155.909680 862
157.848572 861
158.421574 860
161.098675 859
163.838554 858
166.667157 857
168.490644 856
169.014055 855
170.841924 854
171.263394 853
172.659246 852
175.335302 851
175.466725 850
175.529311 849
175.923753 848
176.324559 847
177.799640 846
179.643475 845
181.204510 844
182.089173 843
182.864799 842
188.072361 841
188.411847 840
190.051732 839
192.804117 838
193.440164 837
193.948612 836
194.098911 835
194.782902 834
194.844085 833
195.486408 832
196.718676 831
196.864399 830
198.294254 829
201.267221 828
201.612575 827
204.933021 826
206.317296 825
207.588601 824
207.864971 823
210.776107 822
211.152955 821
211.529266 820
212.069128 819
212.948361 818
213.259535 817
214.597565 816
215.419853 815
216.206627 814
216.607770 813
217.531477 812
217.809696 811
217.953632 810
219.145551 809
219.474441 808
221.085816 807
221.250439 806
222.869697 805
223.913492 804
225.346820 803
225.748610 802
225.987149 801
226.364573 800
226.754698 799
227.216641 798
228.512601 797
229.316138 796
229.877282 795
230.743989 794
235.396579 793
241.511354 792
243.459704 791
246.712985 790
247.142544 789
247.430735 788
248.521588 787
250.338718 786
250.388781 785
251.378899 784
252.567010 783
254.794783 782
257.712405 781
260.052090 780
262.772716 779
262.972422 778
264.189669 777
264.218494 776
264.692316 775
265.035739 774
267.210152 773
267.855604 772
269.700597 771
270.942396 770
271.099229 769
273.372028 768
277.909934 767
279.640566 766
279.938843 765
280.798056 764
285.588898 763
285.911673 762
285.924007 761
286.058480 760
289.802218 759
289.834750 758
290.156438 757
290.156888 756
290.277924 755
290.330363 754
300.457598 753
302.473858 752
303.023565 751
304.011722 750
304.461550 749
304.712478 748
304.864844 747
305.345717 746
308.695073 745
311.250894 744
311.586832 743
311.948399 742
313.296239 741
314.014669 740
315.388276 739
315.390212 738
315.789259 737
317.274448 736
321.855599 735
325.102061 734
326.725822 733
328.233823 732
328.547876 731
330.165573 730
332.131241 729
337.370243 728
338.742460 727
339.568151 726
340.648938 725
342.487821 724
342.670650 723
343.186073 722
344.576860 721
348.722668 720
350.937921 719
352.392208 718
353.673866 717
354.280212 716
355.089212 715
355.296550 714
355.343404 713
355.578035 712
356.877081 711
357.068195 710
357.431414 709
357.443755 708
357.736358 707
358.121746 706
363.354221 705
363.809914 704
363.988288 703
365.356027 702
365.576287 701
370.449140 700
371.737785 699
375.157477 698
376.848829 697
377.950142 696
378.125879 695
378.612556 694
378.704702 693
378.740238 692
380.679611 691
381.808896 690
381.865558 689
382.241112 688
383.418882 687
383.876912 686
385.451884 685
387.901954 684
387.989030 683
390.817887 682
393.690708 681
394.750334 680
394.753268 679
395.058140 678
395.081724 677
399.004009 676
399.080537 675
399.182462 674
399.570561 673
399.721783 672
400.894543 671
401.067356 670
401.784172 669
403.873130 668
403.943542 667
405.541948 666
407.939248 665
408.311988 664
408.727206 663
409.082596 662
412.553937 661
412.561977 660
414.388374 659
418.098127 658
418.490275 657
419.216510 656
419.282382 655
422.999494 654
424.711797 653
425.487690 652
426.793691 651
429.328935 650
429.692817 649
429.751247 648
430.418292 647
430.548770 646
430.863887 645
432.329383 644
433.429666 643
441.831060 642
445.332297 641
448.072761 640
448.111017 639
448.205731 638
449.911485 637
451.170842 636
452.787802 635
452.949492 634
453.769668 633
453.775763 632
455.121113 631
457.841869 630
458.901881 629
462.599899 628
463.984172 627
464.150582 626
465.073215 625
465.770760 624
467.765669 623
475.037846 622
475.068380 621
475.977661 620
479.384246 619
482.048656 618
483.155032 617
484.250587 616
486.983875 615
487.177048 614
487.184087 613
487.272388 612
487.329040 611
489.177166 610
490.188630 609
491.413674 608
493.183997 607
493.545154 606
496.138190 605
498.532807 604
499.808768 603
500.458317 602
502.505301 601
505.127085 600
508.508168 599
511.011511 598
512.629376 597
512.829908 596
513.540217 595
516.545730 594
521.862546 593
522.241321 592
526.728613 591
529.825262 590
533.348533 589
533.451805 588
533.715503 587
534.714446 586
536.441773 585
539.289461 584
540.305920 583
541.171963 582
543.614466 581
546.689850 580
546.831587 579
547.686343 578
547.994448 577
549.925765 576
551.153105 575
556.262058 574
557.205738 573
557.774996 572
561.224624 571
561.366900 570
564.413492 569
565.010967 568
565.481553 567
565.622863 566
566.393391 565
566.570475 564
568.528650 563
569.617132 562
569.682668 561
570.872932 560
572.382157 559
573.127082 558
573.363360 557
573.623593 556
578.802433 555
579.236573 554
579.311521 553
580.668105 552
582.426285 551
583.588007 550
586.016958 549
586.458776 548
587.126306 547
590.080731 546
590.161705 545
590.460987 544
590.688796 543
590.912856 542
591.811075 541
593.696915 540
593.812490 539
595.194132 538
596.860803 537
601.513194 536
601.901486 535
604.107173 534
611.222218 533
619.906904 532
620.333726 531
620.613088 530
621.703959 529
623.211546 528
623.570885 527
624.137013 526
624.705480 525
628.323911 524
628.407212 523
631.414806 522
631.678027 521
634.456084 520
634.465587 519
635.596207 518
639.674115 517
640.240129 516
642.122311 515
642.491002 514
643.237445 513
647.939933 512
651.873294 511
654.242562 510
661.186567 509
663.744524 508
664.774591 507
670.056743 506
673.210782 505
673.403683 504
673.620110 503
674.898902 502
677.487863 501
677.514846 500
679.814401 499
680.290912 498
681.656717 497
685.844529 496
687.387718 495
687.520686 494
688.407296 493
693.117048 492
697.050910 491
698.229703 490
698.978547 489
699.819619 488
700.460785 487
704.728802 486
704.923322 485
705.136070 484
708.121169 483
709.922815 482
710.027076 481
711.408174 480
714.795074 479
720.876689 478
725.780630 477
730.764939 476
735.411005 475
736.212806 474
745.693037 473
747.159095 472
750.267905 471
751.440006 470
754.344769 469
754.591946 468
754.673253 467
757.631512 466
759.323613 465
760.562612 464
760.737229 463
763.795861 462
767.093976 461
768.737013 460
772.626482 459
778.902422 458
779.532399 457
780.030126 456
781.251304 455
781.694125 454
783.868667 453
783.882195 452
784.936388 451
785.469343 450
786.875059 449
788.732564 448
797.680340 447
798.295794 446
801.201411 445
803.825322 444
804.182209 443
804.193701 442
805.926690 441
814.549955 440
817.372022 439
819.433895 438
819.754082 437
821.778427 436
827.058476 435
827.320938 434
828.758854 433
831.783804 432
833.789695 431
834.562463 430
834.697416 429
835.583168 428
836.901861 427
839.795489 426
841.543798 425
843.159498 424
843.762444 423
845.817434 422
852.216388 421
854.258227 420
856.804870 419
857.058890 418
859.113609 417
866.096164 416
866.985031 415
871.054137 414
876.742018 413
877.001842 412
877.335729 411
879.218915 410
879.842579 409
882.312563 408
882.371840 407
885.245505 406
885.449196 405
889.374337 404
893.134646 403
895.263703 402
895.999305 401
898.340538 400
902.309127 399
903.754180 398
907.514990 397
910.717366 396
914.232142 395
914.927932 394
917.884061 393
918.369822 392
918.659990 391
923.722134 390
929.649852 389
931.118600 388
934.451472 387
939.790038 386
940.473876 385
941.413147 384
944.304469 383
946.579369 382
951.343857 381
956.080238 380
958.747561 379
961.304336 378
962.674017 377
970.980882 376
972.644630 375
976.095864 374
978.535995 373
981.003402 372
991.458892 371
1000.787520 370
1002.921569 369
1004.449729 368
1006.440113 367
1007.570263 366
1015.145498 365
1024.345167 364
1025.161418 363
1030.074363 362
1030.356053 361
1031.565698 360
1033.651653 359
1034.744619 358
1036.149189 357
1036.422089 356
1042.474773 355
1044.154501 354
1046.115049 353
1048.275062 352
1049.981827 351
1064.908805 350
1068.089723 349
1076.033673 348
1079.263176 347
1082.369236 346
1083.484647 345
1090.114252 344
1090.468144 343
1091.794703 342
1093.152570 341
1093.246222 340
1097.531966 339
1097.603266 338
1098.544737 337
1103.228299 336
1109.319803 335
1111.231227 334
1111.953221 333
1113.351186 332
1114.228940 331
1114.955079 330
1118.434647 329
1121.077008 328
1121.836224 327
1122.582655 326
1125.194628 325
1126.377320 324
1130.772335 323
1131.494490 322
1131.722832 321
1133.571089 320
1137.210714 319
1137.936780 318
1139.498432 317
1141.033772 316
1141.700266 315
1145.171776 314
1145.735661 313
1149.491317 312
1150.999624 311
1151.632024 310
1156.610560 309
1158.215005 308
1160.678221 307
1161.769426 306
1163.092865 305
1176.688347 304
1179.933967 303
1179.993762 302
1180.012650 301
1180.989154 300
1184.320391 299
1188.630949 298
1190.139387 297
1192.372391 296
1198.905850 295
1204.234273 294
1207.849384 293
1209.727078 292
1211.478062 291
1214.448962 290
1219.445902 289
1219.695062 288
1224.839512 287
1227.328738 286
1227.960207 285
1233.092667 284
1238.459611 283
1242.046526 282
1244.433449 281
1250.427297 280
1260.580167 279
1262.672145 278
1264.027769 277
1267.859485 276
1282.979400 275
1285.927583 274
1287.455416 273
1288.124854 272
1292.129686 271
1295.736027 270
1296.727363 269
1299.230436 268
1301.727546 267
1302.180661 266
1303.948157 265
1305.094201 264
1309.422974 263
1311.121340 262
1312.567100 261
1312.656397 260
1312.924684 259
1319.429603 258
1327.933589 257
1328.333352 256
1328.679405 255
1330.527458 254
1333.865059 253
1345.295873 252
1350.540226 251
1352.276127 250
1355.053913 249
1358.932441 248
1365.328110 247
1365.482377 246
1370.908984 245
1384.014177 244
1384.767233 243
1389.974352 242
1390.126837 241
1398.190488 240
1408.892671 239
1412.296972 238
1419.264628 237
1432.642403 236
1437.206541 235
1440.325150 234
1445.596331 233
1446.082514 232
1446.444547 231
1469.959153 230
1501.480162 229
1505.094984 228
1508.792103 227
1515.111333 226
1529.169406 225
1541.521822 224
1544.453894 223
1550.385289 222
1562.252773 221
1569.381631 220
1570.329875 219
1571.689414 218
1585.513903 217
1586.703916 216
1587.024342 215
1589.304012 214
1589.662816 213
1601.911721 212
1602.877409 211
1603.956164 210
1615.824607 209
1620.908596 208
1623.633717 207
1624.591206 206
1626.987029 205
1627.013401 204
1628.775271 203
1636.026185 202
1640.794028 201
1646.734371 200
1649.350976 199
1652.961043 198
1654.691115 197
1661.601086 196
1664.887966 195
1665.152225 194
1696.400118 193
1705.704484 192
1708.094180 191
1709.766165 190
1716.904575 189
1719.262469 188
1720.825000 187
1732.202911 186
1734.408332 185
1738.909273 184
1742.379184 183
1745.291765 182
1746.190250 181
1750.630049 180
1755.725229 179
1755.956678 178
1758.342202 177
1759.737146 176
1770.422758 175
1782.121950 174
1785.768416 173
1787.875457 172
1791.907155 171
1811.859769 170
1819.946998 169
1851.163380 168
1851.673929 167
1852.893604 166
1852.934380 165
1859.497368 164
1871.879018 163
1878.819674 162
1881.850070 161
1885.433321 160
1887.068548 159
1889.066604 158
1896.349807 157
1907.240446 156
1907.998499 155
1915.409136 154
1926.132268 153
1933.260993 152
1940.572645 151
1953.862188 150
1954.591549 149
1969.247888 148
1973.268231 147
1982.392799 146
1990.380080 145
1992.819310 144
2004.274187 143
2007.173429 142
2013.934054 141
2020.188204 140
2032.054365 139
2032.230949 138
2045.932210 137
2050.396836 136
2052.701274 135
2054.102357 134
2066.466970 133
2070.268072 132
2073.987832 131
2091.943671 130
2092.908722 129
2095.055985 128
2100.278237 127
2102.683727 126
2106.764704 125
2117.267972 124
2122.603426 123
2125.023782 122
2128.964820 121
2129.893812 120
2135.276968 119
2138.706636 118
2141.084515 117
2153.841160 116
2158.986978 115
2165.451738 114
2181.464261 113
2192.103800 112
2193.821888 111
2193.858317 110
2201.967223 109
2208.602968 108
2210.904643 107
2215.268601 106
2228.399501 105
2233.849287 104
2235.841328 103
2245.636379 102
2253.088655 101
2254.150670 100
2256.858822 99
2270.066757 98
2283.804945 97
2286.625998 96
2288.974954 95
2290.669119 94
2300.390400 93
2304.713371 92
2307.519806 91
2307.745859 90
2319.447518 89
2326.048150 88
2327.981068 87
2352.337980 86
2352.683411 85
2373.594972 84
2377.476928 83
2392.927203 82
2396.392841 81
2407.051378 80
2408.627859 79
2409.531803 78
2454.735147 77
2459.434518 76
2470.890228 75
2517.081111 74
2519.422727 73
2524.744657 72
2533.039686 71
2540.500509 70
2545.989231 69
2549.559418 68
2550.040723 67
2550.742407 66
2553.516829 65
2590.258862 64
2594.029392 63
2597.374657 62
2599.914355 61
2626.348603 60
2626.900098 59
2659.862917 58
2670.263314 57
2705.467937 56
2722.721118 55
2728.991285 54
2739.399909 53
2753.770142 52
2804.391302 51
2830.780439 50
2836.255132 49
2839.695826 48
2860.345352 47
2940.400700 46
2951.026370 45
2979.886075 44
2995.686546 43
3069.410919 42
3083.791511 41
3098.402875 40
3124.596206 39
3129.830386 38
3167.935235 37
3196.057439 36
3199.945540 35
3202.957018 34
3235.637301 33
3264.314183 32
3268.874567 31
3324.964219 30
3370.587847 29
3459.911035 28
3476.061838 27
3496.009485 26
3498.440586 25
3564.508978 24
3649.530922 23
3666.946618 22
3700.447472 21
3707.515366 20
3737.101507 19
3746.595747 18
3799.248213 17
3888.069135 16
3915.676803 15
3927.782032 14
4054.843979 13
4072.696121 12
4115.263952 11
4210.930756 10
4385.232828 9
4475.134232 8
4476.210533 7
4504.988735 6
4564.173035 5
4959.066765 4
5207.174983 3
5214.680180 2
5962.833689 1
8093.437054 0
