0.000000 990
2.817242 989
2.897872 988
6.116147 987
6.634357 986
7.626238 985
7.766994 984
8.549400 983
9.565798 982
12.682773 981
13.321241 980
13.334733 979
14.237266 978
14.877318 977
15.361285 976
16.066145 975
18.820546 974
19.522210 973
19.566684 972
19.678366 971
20.197578 970
21.069318 969
21.121057 968
21.270524 967
21.735901 966
22.133515 965
22.409766 964
23.292451 963
24.202547 962
26.172750 961
27.129921 960
28.024660 959
28.512918 958
28.780674 957
29.134346 956
29.636498 955
30.749689 954
32.958886 953
33.099938 952
33.385596 951
34.695141 950
35.025185 949
35.634505 948
36.866212 947
37.264439 946
37.797038 945
40.188383 944
41.943553 943
42.348957 942
42.369460 941
42.600663 940
43.017190 939
44.013592 938
44.993458 937
45.585293 936
45.993295 935
47.013765 934
47.142901 933
47.919032 932
48.583368 931
49.388277 930
49.707748 929
50.586667 928
51.132896 927
52.639331 926
53.857805 925
54.003105 924
54.851529 923
56.908047 922
61.573718 921
62.593242 920
63.457628 919
63.825738 918
63.835114 917
64.331319 916
64.800690 915
64.811810 914
66.639437 913
67.142921 912
67.191328 911
69.772895 910
70.274149 909
70.371777 908
70.471722 907
71.281631 906
72.577753 905
72.869343 904
73.965558 903
74.735287 902
77.728515 901
77.980075 900
79.858325 899
80.708964 898
81.042948 897
81.469466 896
81.834968 895
81.970509 894
85.927761 893
86.020266 892
88.622179 891
90.316905 890
91.387660 889
91.728630 888
92.807525 887
94.382338 886
94.992203 885
95.234161 884
97.077793 883
98.514550 882
99.055630 881
100.535236 880
100.685263 879
100.793194 878
101.266453 877
101.423612 876
101.856654 875
102.457396 874
102.544134 873
103.262775 872
103.396024 871
105.436150 870
106.668554 869
108.642159 868
109.447241 867
110.993351 866
111.596594 865
112.263986 864
112.920671 863
113.135942 862
116.031317 861
117.892644 860
118.646651 859
120.660025 858
123.665097 857
123.765481 856
124.213725 855
124.271352 854
124.913246 853
125.275601 852
126.917712 851
128.144229 850
128.358918 849
130.552642 848
131.093241 847
132.142362 846
135.139555 845
135.487813 844
137.758192 843
138.390282 842
139.581330 841
142.213342 840
143.411893 839
144.660521 838
145.160358 837
145.232458 836
145.448913 835
146.546529 834
146.673073 833
147.089596 832
148.272249 831
148.714820 830
150.530540 829
150.727784 828
152.594388 827
153.107536 826
153.297583 825
154.052224 824
155.636998 823
156.966339 822
158.446838 821
158.673606 820
159.780033 819
161.512886 818
161.706428 817
161.722080 816
162.517737 815
164.316374 814
165.729347 813
165.811643 812
165.923519 811
166.990760 810
168.614699 809
169.190168 808
169.244365 807
170.844630 806
172.539181 805
172.926797 804
172.934189 803
173.744960 802
173.766865 801
174.561013 800
175.265537 799
175.648272 798
178.044627 797
179.719111 796
179.916556 795
181.526487 794
183.263042 793
183.290388 792
183.328216 791
183.740874 790
183.769692 789
183.990936 788
184.353378 787
186.422739 786
187.364204 785
188.082335 784
188.159388 783
188.831613 782
191.197489 781
191.529771 780
192.843129 779
192.946650 778
192.961198 777
193.586559 776
195.592745 775
196.674483 774
196.924566 773
197.172672 772
197.571676 771
198.584612 770
198.699492 769
199.097486 768
199.219568 767
199.575827 766
200.027929 765
201.578607 764
201.872342 763
204.893969 762
204.921191 761
205.137110 760
205.582342 759
208.041789 758
208.631900 757
208.810471 756
210.129022 755
212.709410 754
213.088445 753
214.348610 752
215.662519 751
216.136853 750
216.545991 749
218.399153 748
220.013699 747
220.233608 746
220.294193 745
220.410677 744
222.541457 743
223.551399 742
224.777060 741
225.449434 740
229.587127 739
230.257013 738
231.655878 737
232.153039 736
233.619271 735
234.668605 734
235.226498 733
236.090808 732
238.638568 731
238.808830 730
241.506267 729
241.938359 728
245.107709 727
245.867504 726
246.980617 725
247.557821 724
247.998590 723
248.658236 722
250.389558 721
250.631125 720
254.196522 719
254.885087 718
255.353248 717
255.544509 716
256.334476 715
260.701677 714
262.388793 713
262.569271 712
263.603472 711
263.789133 710
264.110770 709
265.405809 708
267.333770 707
267.419286 706
267.587335 705
270.752727 704
271.765890 703
273.551841 702
274.192713 701
279.150402 700
279.258594 699
281.100009 698
281.561753 697
282.735791 696
283.999118 695
285.147548 694
285.512466 693
286.248620 692
290.223634 691
292.987739 690
294.096033 689
295.809977 688
296.969936 687
298.289692 686
298.942860 685
302.088004 684
306.680233 683
307.095738 682
308.570910 681
309.357365 680
309.811593 679
311.065984 678
311.210462 677
314.884068 676
318.203146 675
319.706870 674
326.845004 673
328.585832 672
331.956447 671
332.939112 670
336.212681 669
336.373882 668
336.872402 667
338.250337 666
338.967430 665
339.099838 664
339.991767 663
341.186880 662
341.810523 661
347.270018 660
349.405641 659
350.548765 658
350.762726 657
356.041549 656
357.448992 655
357.866173 654
359.616211 653
360.086384 652
360.709883 651
361.112173 650
361.984597 649
362.405754 648
363.136620 647
364.024781 646
364.675658 645
365.251110 644
365.789762 643
365.837866 642
367.235633 641
367.290139 640
368.431852 639
369.269659 638
370.875320 637
376.302491 636
380.206861 635
381.199085 634
381.426089 633
382.102886 632
383.837452 631
390.393886 630
391.124256 629
392.192112 628
393.040312 627
393.103219 626
399.265252 625
399.596359 624
401.526530 623
402.445174 622
402.761132 621
403.870156 620
404.255367 619
404.307270 618
404.315667 617
405.253356 616
412.097436 615
415.611331 614
419.165511 613
420.197589 612
421.425147 611
421.764065 610
421.935022 609
422.257724 608
423.178927 607
424.222928 606
427.971385 605
428.295451 604
431.771796 603
432.192635 602
433.967958 601
433.997625 600
434.147412 599
436.845027 598
437.370924 597
438.290701 596
438.793790 595
439.257688 594
439.646455 593
447.224840 592
453.439044 591
457.526139 590
462.297395 589
464.469907 588
465.971259 587
466.224594 586
467.385439 585
469.202168 584
473.750578 583
475.022593 582
476.903189 581
478.549279 580
479.033260 579
481.094334 578
482.982274 577
486.774119 576
486.932980 575
490.393883 574
492.614042 573
492.770030 572
496.272430 571
496.607520 570
496.870549 569
499.600109 568
502.085211 567
502.819796 566
503.014772 565
504.369513 564
508.006961 563
508.790162 562
510.704686 561
512.552948 560
512.603886 559
512.992273 558
513.327814 557
514.893991 556
515.379622 555
516.758677 554
517.362875 553
521.007471 552
521.259925 551
521.348709 550
522.010120 549
522.074684 548
523.546295 547
530.913360 546
532.410900 545
535.568211 544
535.890435 543
541.056721 542
542.636763 541
545.893878 540
546.147566 539
547.359338 538
550.409608 537
556.031964 536
557.261302 535
558.239894 534
559.032392 533
560.836219 532
561.624529 531
561.722636 530
562.757195 529
563.440303 528
563.783726 527
566.867615 526
566.869052 525
567.677135 524
569.139393 523
570.014434 522
570.140593 521
572.980602 520
575.757007 519
575.817139 518
576.057964 517
578.550438 516
584.884043 515
588.387100 514
591.891606 513
593.774893 512
596.317566 511
597.390628 510
598.889420 509
599.096314 508
599.535105 507
599.597114 506
604.406380 505
605.133274 504
605.204400 503
610.024927 502
611.204861 501
612.718701 500
613.117571 499
613.740379 498
627.242852 497
632.615255 496
634.159750 495
636.062775 494
637.631703 493
642.773173 492
644.275781 491
645.426932 490
646.952004 489
647.309878 488
648.595853 487
648.852632 486
651.333716 485
658.535504 484
660.184900 483
660.511543 482
664.405093 481
665.470021 480
665.557031 479
666.300456 478
666.564692 477
667.540574 476
669.374147 475
670.684778 474
674.052193 473
677.485711 472
681.612268 471
682.101275 470
684.031341 469
684.251968 468
684.322182 467
688.881243 466
688.982743 465
691.371773 464
692.064398 463
695.412958 462
703.480837 461
705.533349 460
707.133286 459
707.678239 458
708.905927 457
709.628059 456
711.161999 455
717.077521 454
718.401524 453
719.205082 452
720.054336 451
720.574577 450
720.628370 449
720.712815 448
721.693990 447
723.593493 446
724.010533 445
724.854014 444
725.911435 443
729.655911 442
730.398892 441
733.029601 440
736.857704 439
739.565335 438
739.565970 437
740.984609 436
741.459582 435
741.673727 434
741.871159 433
742.345174 432
742.414516 431
743.570834 430
745.272475 429
746.040982 428
748.695101 427
748.965393 426
750.114911 425
751.043864 424
751.931560 423
754.378127 422
754.404072 421
755.152491 420
760.270498 419
761.112772 418
761.312967 417
769.862540 416
771.705637 415
772.202910 414
783.421323 413
788.007238 412
788.387161 411
788.945190 410
789.575796 409
791.496630 408
791.793194 407
799.438503 406
799.530711 405
800.524898 404
801.510195 403
803.079222 402
803.516813 401
803.634024 400
804.026978 399
804.272925 398
804.386928 397
806.143172 396
808.392443 395
812.307970 394
817.938210 393
817.980674 392
818.046974 391
821.703427 390
821.921364 389
822.477958 388
824.720037 387
825.093191 386
826.941328 385
828.459260 384
830.521261 383
837.470924 382
845.723291 381
849.007556 380
849.418008 379
849.498821 378
850.553586 377
852.952070 376
853.016077 375
857.923416 374
857.937948 373
861.796103 372
866.525891 371
867.138832 370
871.147571 369
871.307726 368
880.989031 367
881.138510 366
884.105411 365
885.146589 364
886.087441 363
894.302289 362
905.228790 361
907.339530 360
909.266121 359
912.242011 358
919.704617 357
921.318747 356
922.208003 355
925.286325 354
926.510927 353
926.769841 352
929.834469 351
931.632821 350
933.630230 349
934.820204 348
935.567777 347
936.316696 346
936.719806 345
940.869007 344
941.277486 343
941.631432 342
942.523359 341
943.419639 340
943.623426 339
943.786059 338
944.557011 337
949.023139 336
950.547804 335
956.424168 334
956.832379 333
959.998275 332
961.925518 331
967.075629 330
970.782264 329
973.261461 328
974.875377 327
977.128472 326
977.295017 325
977.933630 324
978.435123 323
979.190323 322
980.064516 321
981.347612 320
987.529280 319
988.293272 318
993.091237 317
997.628556 316
1001.175588 315
1009.413195 314
1010.906890 313
1014.915157 312
1015.741268 311
1017.171904 310
1019.822247 309
1022.701888 308
1024.717438 307
1026.319540 306
1036.545989 305
1041.183862 304
1041.884047 303
1048.371550 302
1051.787184 301
1051.873448 300
1053.360264 299
1054.039767 298
1055.036636 297
1056.739021 296
1057.015945 295
1060.816994 294
1060.856209 293
1070.288102 292
1071.059293 291
1073.510860 290
1074.995076 289
1080.699233 288
1081.297792 287
1086.289527 286
1087.151502 285
1089.868843 284
1096.397783 283
1103.141997 282
1103.566478 281
1105.660947 280
1107.165294 279
1107.236227 278
1108.459758 277
1112.916047 276
1116.556705 275
1118.018384 274
1122.239346 273
1127.017748 272
1134.742795 271
1142.250108 270
1149.240376 269
1149.299918 268
1151.089456 267
1151.180444 266
1159.071921 265
1162.664343 264
1163.348081 263
1165.552511 262
1168.103543 261
1169.704130 260
1172.140225 259
1172.190273 258
1173.196380 257
1174.555563 256
1186.097830 255
1193.406087 254
1194.521140 253
1195.871468 252
1197.474801 251
1197.915469 250
1200.973096 249
1208.583397 248
1214.032916 247
1216.717483 246
1220.794478 245
1221.605666 244
1227.814683 243
1229.509176 242
1236.497722 241
1237.310103 240
1238.888864 239
1240.679659 238
1257.031641 237
1263.466319 236
1264.262242 235
1264.552110 234
1269.004011 233
1280.696406 232
1282.340688 231
1288.521972 230
1290.287208 229
1292.582923 228
1295.279930 227
1297.928443 226
1299.237468 225
1305.875642 224
1306.114111 223
1308.249343 222
1308.896915 221
1310.105227 220
1315.236459 219
1328.973421 218
1333.022322 217
1343.366569 216
1344.662839 215
1346.896271 214
1349.532107 213
1360.592505 212
1364.274734 211
1364.686702 210
1365.497560 209
1368.592834 208
1373.165478 207
1378.891275 206
1380.099902 205
1383.701031 204
1384.515033 203
1385.581549 202
1387.647134 201
1388.305950 200
1398.195645 199
1398.889342 198
1403.405261 197
1405.812814 196
1408.133139 195
1411.147755 194
1415.963869 193
1418.641595 192
1421.436894 191
1425.887252 190
1431.339580 189
1436.340249 188
1440.161496 187
1443.373348 186
1443.941640 185
1446.825765 184
1446.938618 183
1453.880830 182
1465.284847 181
1473.415645 180
1486.079973 179
1488.595553 178
1493.974495 177
1495.602371 176
1523.821568 175
1534.477477 174
1538.076965 173
1541.515185 172
1544.516968 171
1550.926006 170
1552.388633 169
1554.376878 168
1560.774687 167
1561.436254 166
1563.398608 165
1565.256040 164
1597.660237 163
1616.584568 162
1625.666309 161
1626.825946 160
1642.343210 159
1643.739045 158
1643.800819 157
1654.168897 156
1655.236290 155
1671.343973 154
1679.616414 153
1682.430535 152
1684.416631 151
1686.855018 150
1690.543100 149
1697.268771 148
1701.033870 147
1703.627792 146
1704.814296 145
1727.172312 144
1729.341205 143
1731.339632 142
1738.123165 141
1741.370203 140
1745.933751 139
1758.021827 138
1761.190499 137
1762.538518 136
1763.220595 135
1769.217203 134
1772.936573 133
1777.558692 132
1779.344955 131
1783.914114 130
1796.292210 129
