0.000000 980
0.082832 979
1.792163 978
3.096999 977
3.375438 976
3.884202 975
3.997211 974
4.000292 973
4.452331 972
5.091961 971
6.663638 970
8.281310 969
8.443010 968
10.708371 967
11.595184 966
11.600294 965
11.954525 964
12.867644 963
12.991199 962
16.742275 961
17.076370 960
17.675679 959
19.286367 958
20.580653 957
22.215837 956
22.439394 955
22.565051 954
23.799266 953
24.324080 952
25.661506 951
26.398318 950
26.461187 949
27.347317 948
27.557835 947
28.501331 946
28.757421 945
30.996747 944
32.256761 943
34.058605 942
34.436266 941
35.643773 940
35.866987 939
36.254710 938
36.579272 937
36.624624 936
37.771903 935
39.161752 934
39.973663 933
41.043567 932
41.392035 931
41.584346 930
41.659828 929
45.145722 928
46.028455 927
46.237948 926
47.964360 925
48.567447 924
50.319618 923
54.189630 922
55.441135 921
56.282151 920
57.284775 919
58.112864 918
58.198794 917
63.243371 916
64.354750 915
64.470995 914
66.779546 913
67.502958 912
67.690100 911
69.223472 910
72.123848 909
73.170086 908
74.600523 907
75.249489 906
77.040889 905
77.188063 904
77.303594 903
77.953705 902
80.055201 901
80.366611 900
81.457664 899
81.957701 898
82.412195 897
83.457441 896
84.388805 895
85.058101 894
86.410051 893
86.614819 892
87.114396 891
87.427754 890
87.876342 889
88.656125 888
89.637231 887
92.161809 886
93.990124 885
94.737805 884
94.879394 883
98.381270 882
98.438466 881
98.617924 880
99.133925 879
99.831747 878
101.566993 877
103.310439 876
105.738198 875
107.127571 874
107.277461 873
108.261545 872
109.453745 871
110.752635 870
113.503773 869
113.748050 868
114.422387 867
122.799476 866
123.251910 865
123.382984 864
123.963269 863
124.839864 862
125.178146 861
125.460349 860
125.768395 859
125.805860 858
127.031786 857
127.392789 856
127.393264 855
129.351435 854
129.531146 853
129.531383 852
129.561900 851
129.854799 850
130.153648 849
134.634247 848
135.606242 847
135.807805 846
136.014487 845
138.605011 844
139.950188 843
140.130179 842
140.410045 841
140.595679 840
142.577956 839
142.959787 838
145.886668 837
146.314301 836
146.325196 835
147.471137 834
148.637141 833
148.683991 832
150.873680 831
151.646665 830
151.648118 829
152.077962 828
153.555346 827
154.548306 826
156.090454 825
156.099028 824
156.651734 823
159.469917 822
160.256842 821
161.330281 820
162.499625 819
162.691667 818
163.350205 817
163.369101 816
164.535993 815
168.172861 814
169.137485 813
169.538335 812
169.794158 811
170.551453 810
171.824024 809
173.540938 808
173.716449 807
174.901923 806
174.908164 805
176.238730 804
176.289499 803
176.387801 802
178.252700 801
181.162991 800
181.298017 799
182.086068 798
182.979902 797
183.343598 796
185.803701 795
185.880530 794
185.939296 793
186.674081 792
187.257674 791
191.006569 790
191.148691 789
194.829970 788
196.382384 787
197.140119 786
197.284135 785
200.130091 784
200.629654 783
200.808290 782
201.780461 781
202.698964 780
202.824701 779
206.674049 778
206.861246 777
206.933235 776
207.935455 775
209.606578 774
210.370339 773
210.392302 772
210.504522 771
210.775568 770
210.803791 769
211.341088 768
212.940280 767
214.157575 766
216.306501 765
216.914722 764
217.264437 763
219.220530 762
219.986756 761
221.597479 760
223.129341 759
223.341259 758
226.668831 757
228.112099 756
229.930516 755
230.177988 754
230.643162 753
230.868336 752
232.336444 751
233.169576 750
234.915142 749
237.070423 748
238.347309 747
239.857166 746
240.048380 745
243.224542 744
243.669330 743
243.907074 742
247.089882 741
247.599224 740
251.232691 739
251.730592 738
252.718294 737
252.800809 736
252.912339 735
253.410879 734
253.476986 733
257.140085 732
261.243053 731
262.812135 730
264.634362 729
266.336073 728
268.123834 727
268.976696 726
273.989139 725
276.746515 724
277.673256 723
278.220853 722
278.250533 721
280.272881 720
281.433563 719
283.380617 718
283.677237 717
284.477843 716
284.976161 715
285.086811 714
287.451237 713
287.941598 712
288.411628 711
294.734089 710
296.352616 709
298.375624 708
298.602126 707
302.931894 706
303.119158 705
305.607233 704
305.941383 703
309.967040 702
310.334800 701
310.604972 700
310.814771 699
316.793598 698
317.419217 697
318.630425 696
319.616320 695
321.717194 694
323.818304 693
324.304455 692
325.973680 691
326.948236 690
328.020470 689
328.130309 688
328.364882 687
332.426572 686
333.543697 685
334.311077 684
336.601969 683
337.211550 682
337.327593 681
337.622085 680
337.866287 679
338.349403 678
338.603935 677
343.080335 676
343.206989 675
346.804151 674
347.010707 673
349.298569 672
349.924708 671
350.239177 670
351.584557 669
353.425865 668
353.652542 667
356.295011 666
359.945991 665
360.002333 664
360.281131 663
363.013892 662
363.630315 661
363.902552 660
364.397526 659
364.733348 658
364.807487 657
366.992405 656
368.265517 655
368.669904 654
368.711878 653
369.172520 652
370.440542 651
370.593397 650
370.631913 649
374.361647 648
375.161969 647
376.364502 646
376.488568 645
377.156636 644
378.573767 643
379.441379 642
380.170296 641
380.429899 640
380.621710 639
383.463333 638
383.575140 637
383.995794 636
384.942633 635
386.254527 634
387.992344 633
393.478706 632
394.867679 631
394.942708 630
396.067378 629
396.497841 628
399.202729 627
400.452487 626
401.905258 625
405.317055 624
405.998885 623
406.944573 622
407.489467 621
407.655189 620
408.557099 619
411.301281 618
413.608324 617
414.105326 616
416.182502 615
419.402520 614
425.220011 613
426.009965 612
426.473875 611
426.949954 610
433.459070 609
437.952612 608
437.970889 607
440.744297 606
441.058458 605
442.576951 604
444.489135 603
444.966117 602
446.420998 601
446.954901 600
447.168595 599
447.535795 598
447.688842 597
447.909010 596
449.138390 595
449.217218 594
450.387427 593
454.039117 592
454.341938 591
459.867065 590
462.180592 589
462.191407 588
462.807845 587
464.277622 586
466.183993 585
466.344458 584
466.388440 583
468.079464 582
470.971690 581
472.505682 580
481.648505 579
481.951776 578
482.870796 577
484.349233 576
485.014294 575
487.293437 574
487.831315 573
488.981288 572
490.051217 571
491.363754 570
496.973915 569
499.629487 568
501.424907 567
505.026807 566
505.662151 565
508.668690 564
510.715319 563
513.538518 562
516.416219 561
517.755545 560
519.694002 559
519.935811 558
521.190272 557
521.332423 556
525.330792 555
525.360645 554
526.018873 553
527.973901 552
529.410249 551
531.972616 550
533.742737 549
536.602013 548
537.138657 547
538.777533 546
541.369220 545
542.651452 544
543.715147 543
545.216833 542
546.603234 541
548.734993 540
549.997590 539
550.138252 538
553.313280 537
557.747044 536
559.354897 535
563.640306 534
563.706049 533
565.140095 532
568.162032 531
568.871942 530
574.633487 529
575.037471 528
580.366599 527
580.756533 526
587.073799 525
587.485553 524
590.548340 523
591.923556 522
593.765882 521
594.132465 520
594.422067 519
594.657524 518
594.932922 517
597.024656 516
597.201887 515
597.808953 514
599.752254 513
601.771300 512
601.895881 511
604.766426 510
604.902764 509
605.167782 508
606.893264 507
607.525762 506
607.746017 505
609.525589 504
610.721975 503
612.411207 502
615.091332 501
615.095351 500
618.070601 499
621.002911 498
621.663088 497
622.967388 496
628.465421 495
630.792210 494
631.119413 493
632.126914 492
632.339633 491
634.585055 490
638.235537 489
639.864992 488
643.346623 487
645.652027 486
645.900212 485
651.140263 484
651.689834 483
656.263672 482
662.137560 481
664.671314 480
666.223222 479
666.437945 478
667.289865 477
670.994255 476
674.061467 475
674.495690 474
675.874364 473
676.665933 472
677.364401 471
677.600320 470
678.300787 469
684.243922 468
684.656649 467
686.609845 466
687.274571 465
688.956457 464
692.209195 463
694.823202 462
695.958190 461
697.146042 460
700.609165 459
704.171880 458
704.954998 457
707.371479 456
709.745106 455
710.421229 454
711.527098 453
713.741717 452
717.163002 451
719.335412 450
720.055674 449
721.544915 448
722.038098 447
723.444082 446
725.652989 445
726.123987 444
727.588460 443
729.272344 442
731.411405 441
733.784669 440
736.125967 439
737.346148 438
737.742372 437
738.126865 436
738.688431 435
742.307048 434
742.587135 433
745.321101 432
747.404354 431
751.089765 430
759.434651 429
764.356542 428
765.016285 427
769.243293 426
770.919503 425
776.656608 424
779.172402 423
779.932601 422
783.481669 421
784.003058 420
784.261704 419
785.897232 418
788.763857 417
790.902140 416
791.805759 415
796.522116 414
796.545845 413
797.559963 412
798.577523 411
798.933317 410
800.423722 409
802.747475 408
805.121064 407
808.250931 406
808.352373 405
811.071434 404
812.362206 403
816.277169 402
824.555128 401
827.701064 400
831.828876 399
832.002165 398
835.092831 397
840.516404 396
845.461320 395
845.994355 394
850.837011 393
851.507312 392
857.662402 391
863.341824 390
864.321998 389
864.740583 388
865.625349 387
870.609213 386
873.622123 385
876.677967 384
882.473838 383
884.418995 382
885.419784 381
888.766804 380
891.881163 379
893.152925 378
894.755986 377
895.082342 376
895.539827 375
906.679622 374
907.040974 373
912.678081 372
912.827544 371
918.400835 370
919.544806 369
919.795795 368
920.098591 367
920.125861 366
920.497414 365
924.640252 364
934.594754 363
935.692546 362
936.396082 361
937.695329 360
940.241481 359
943.664469 358
943.879310 357
945.177647 356
950.020582 355
951.070429 354
952.990013 353
954.026058 352
956.023868 351
958.494306 350
961.233558 349
962.238217 348
962.268940 347
963.671703 346
967.398351 345
969.226421 344
976.912335 343
984.185339 342
987.170705 341
994.580484 340
999.463554 339
1003.465677 338
1006.130834 337
1007.673271 336
1012.020712 335
1012.619762 334
1017.004966 333
1017.726206 332
1023.109980 331
1024.045586 330
1024.274148 329
1025.973406 328
1035.760742 327
1040.181145 326
1044.667622 325
1053.813763 324
1055.080023 323
1058.106811 322
1059.515059 321
1062.163914 320
1074.003437 319
1074.600966 318
1075.346134 317
1080.775125 316
1081.831280 315
1091.419719 314
1092.042687 313
1097.296850 312
1098.242008 311
1099.402058 310
1101.978207 309
1103.116778 308
1103.658346 307
1104.053449 306
1108.593519 305
1110.071514 304
1110.447629 303
1111.303876 302
1112.164877 301
1115.151363 300
1118.923674 299
1120.188913 298
1132.987828 297
1136.305814 296
1139.703479 295
1140.449456 294
1141.325377 293
1149.196637 292
1149.615614 291
1150.818606 290
1152.638806 289
1153.323409 288
1154.154050 287
1154.909203 286
1158.944249 285
1161.822606 284
1163.103930 283
1169.876742 282
1170.587821 281
1174.398367 280
1177.207964 279
1178.197988 278
1178.638874 277
1186.067236 276
1186.729312 275
1186.854080 274
1187.417204 273
1190.792648 272
1190.928201 271
1193.392179 270
1196.869417 269
1199.885072 268
1202.294730 267
1204.143548 266
1213.235969 265
1217.134334 264
1218.622541 263
1220.990021 262
1225.603188 261
1229.995427 260
1232.967537 259
1233.104142 258
1235.389014 257
1236.440546 256
1239.334292 255
1243.056023 254
1246.035596 253
1246.232405 252
1246.481926 251
1246.874195 250
1255.826247 249
1256.158432 248
1262.058607 247
1266.678923 246
1268.313105 245
1270.418853 244
1270.647428 243
1272.796386 242
1278.533427 241
1285.437165 240
1285.674228 239
1285.713872 238
1286.058112 237
1287.017361 236
1288.551424 235
1292.559071 234
1298.185917 233
1301.808294 232
1306.207277 231
1307.804583 230
1308.357139 229
1313.407372 228
1314.424317 227
1315.411902 226
1316.187302 225
1316.606324 224
1326.866486 223
1331.780877 222
1333.320042 221
1333.608004 220
1339.860372 219
1342.469501 218
1343.713643 217
1346.692785 216
1349.132425 215
1355.541517 214
1357.960819 213
1358.216690 212
1376.045700 211
1377.276369 210
1377.406916 209
1379.599495 208
1379.825707 207
1387.128385 206
1388.346275 205
1389.423779 204
1390.324538 203
1395.293239 202
1402.768363 201
1404.618712 200
1407.352428 199
1408.415314 198
1409.866816 197
1414.245258 196
1423.434542 195
1425.360679 194
1427.889899 193
1439.513679 192
1452.566026 191
1453.936219 190
1476.853539 189
1477.019795 188
1491.815157 187
1493.085734 186
1494.747825 185
1500.582698 184
1504.529431 183
1509.447793 182
1511.641548 181
1528.653317 180
1531.281883 179
1534.236215 178
1535.119236 177
1538.255403 176
1543.381554 175
1544.379840 174
1546.234961 173
1546.383356 172
1547.918302 171
1554.450383 170
1555.768589 169
1563.213511 168
1589.457467 167
1594.183824 166
1597.626182 165
1603.073207 164
1603.594015 163
1607.677740 162
1615.456598 161
1618.045783 160
1618.514479 159
1619.730305 158
1629.763600 157
1642.959537 156
1644.828987 155
1658.009329 154
1667.741818 153
1669.218445 152
1685.973178 151
1692.425483 150
1694.044397 149
1694.462606 148
1696.924506 147
1700.270399 146
1714.517354 145
1720.743713 144
1724.565874 143
1727.949736 142
1734.510651 141
1738.797832 140
1749.203095 139
1762.898211 138
1771.144165 137
1788.572332 136
1793.676574 135
1796.430427 134
1797.826651 133
1803.218740 132
1803.967515 131
1812.627048 130
1817.827573 129
1823.852893 128
1826.212539 127
1827.786321 126
1840.682597 125
1845.742577 124
1871.113986 123
1880.099635 122
1895.921621 121
1904.107155 120
1918.116600 119
1919.497445 118
1921.584418 117
1934.875788 116
1945.188574 115
1947.186381 114
1954.207614 113
1960.963251 112
1963.069790 111
1969.255332 110
1971.923791 109
1972.650923 108
1997.702047 107
2007.500398 106
2014.316968 105
2016.858551 104
2024.967831 103
2025.946049 102
2039.513343 101
2045.015061 100
2049.148803 99
2065.257099 98
2071.734608 97
2086.267291 96
2086.436230 95
2106.866365 94
2116.512491 93
2120.744483 92
2126.656708 91
2136.414171 90
2145.675531 89
2147.096869 88
2148.509188 87
2153.427787 86
2161.318673 85
2174.641601 84
2180.791999 83
2193.355137 82
2206.418147 81
2207.625762 80
2220.566143 79
2235.878390 78
2275.226677 77
2299.156759 76
2337.135805 75
2365.309323 74
2371.173526 73
2388.318559 72
2400.538848 71
2406.492919 70
2440.916747 69
2447.113029 68
2459.277174 67
2518.365757 66
2538.693700 65
2538.996453 64
2552.655895 63
2564.629213 62
2570.387460 61
2592.762487 60
2610.859096 59
2628.013011 58
2640.936349 57
2681.292663 56
2681.975443 55
2698.701832 54
2701.251625 53
2705.518320 52
2733.932467 51
2740.103457 50
2744.424759 49
2793.129421 48
2798.349070 47
2817.181023 46
2819.414356 45
2821.366987 44
2827.038510 43
2836.416466 42
2871.840670 41
2890.297235 40
2894.099841 39
2916.807292 38
2958.334518 37
2966.065206 36
3000.189968 35
3022.001549 34
3026.219068 33
3055.988047 32
3119.175642 31
3120.931814 30
3145.988714 29
3175.085961 28
3193.139490 27
3303.063964 26
3350.641826 25
3430.475892 24
3446.280595 23
3470.374315 22
3535.662029 21
3535.747806 20
3556.206519 19
3559.178524 18
3599.984581 17
3611.591670 16
3659.076432 15
3685.548822 14
3725.716684 13
3746.377105 12
3832.774467 11
4020.684001 10
4065.556665 9
4101.083396 8
4143.451933 7
4181.812156 6
4439.204879 5
4536.662788 4
4618.123489 3
4640.681138 2
4658.261772 1
7462.573828 0
