100.000000 100
100.000000 100
100.000000 100
100.000000 100
100.000000 100
100.000000 100
100.000000 100
100.000000 100
100.000000 100
100.000000 100
100.000000 100
100.000000 100
100.000000 100
100.000000 100
100.000000 100
100.000000 100
100.000000 100
100.000000 100
100.000000 100
100.000000 100
100.000000 100
100.000000 100
100.000000 100
100.000000 100
100.000000 100
100.000000 100
100.000000 100
100.000000 100
100.000000 100
100.000000 100
100.000000 100
100.000000 100
100.000000 100
100.000000 100
100.000000 100
100.000000 100
100.000000 100
100.000000 100
100.000000 100
100.000000 100
100.000000 100
100.000000 100
100.000000 100
100.000000 100
100.000000 100
100.000000 100
100.000000 100
100.000000 100
100.000000 100
100.000000 100
101.000000 101
101.000000 101
101.000000 101
101.000000 101
101.000000 101
101.000000 101
101.000000 101
101.000000 101
101.000000 101
101.000000 101
101.000000 101
101.000000 101
101.000000 101
101.000000 101
101.000000 101
101.000000 101
101.000000 101
101.000000 101
101.000000 101
101.000000 101
101.000000 101
101.000000 101
101.000000 101
101.000000 101
101.000000 101
101.000000 101
101.000000 101
101.000000 101
101.000000 101
101.000000 101
101.000000 101
101.000000 101
101.000000 101
101.000000 101
101.000000 101
101.000000 101
101.000000 101
101.000000 101
101.000000 101
101.000000 101
101.000000 101
101.000000 101
101.000000 101
101.000000 101
101.000000 101
101.000000 101
101.000000 101
101.000000 101
101.000000 101
101.000000 101
